movie nation
0 0
1 1
1 2
2 0
3 3
3 4
4 5
5 0
6 0
7 5
7 6
8 7
9 7
10 7
11 8
12 9
13 0
14 0
15 0
16 0
16 4
17 5
18 5
19 5
20 0
21 5
22 0
23 0
24 0
25 0
26 0
26 2
27 0
28 0
28 2
29 0
30 0
31 0
32 10
33 5
34 0
35 0
36 7
37 0
38 0
39 11
40 0
41 0
42 5
43 0
44 0
45 12
45 0
46 0
47 0
48 4
48 0
49 0
50 0
51 5
51 0
52 5
53 5
54 0
55 5
56 2
56 0
57 11
58 0
59 5
60 0
61 0
62 0
63 0
64 0
65 8
66 8
67 12
67 0
68 7
69 0
70 7
71 0
72 8
73 5
74 0
75 5
76 5
77 0
78 5
79 0
80 0
81 5
82 0
83 0
84 2
84 4
85 0
85 2
85 10
85 13
86 5
87 5
88 0
89 5
90 4
91 4
91 14
91 15
91 2
91 16
92 7
93 5
94 4
94 10
95 0
96 0
97 0
98 0
99 2
99 0
100 0
101 5
102 2
103 0
104 0
105 0
106 0
107 0
107 2
108 4
108 17
108 14
109 0
110 0
111 9
111 11
112 5
113 5
114 0
115 5
116 5
117 11
118 0
119 0
120 0
121 5
122 7
123 5
124 5
125 0
126 5
127 12
127 0
128 11
129 0
130 2
131 0
132 0
133 0
134 11
135 5
136 0
137 11
138 0
139 5
140 18
140 0
140 5
141 7
142 8
143 0
144 5
145 2
145 4
145 19
146 7
147 9
147 20
148 11
149 21
150 5
151 5
152 5
153 9
154 2
155 0
156 7
157 0
158 5
158 7
159 5
160 20
161 5
162 0
163 22
163 14
164 2
165 7
166 0
167 0
168 0
168 10
169 0
170 5
171 0
172 0
173 5
174 10
174 1
174 23
175 0
176 0
177 0
178 0
178 14
179 0
180 5
181 5
182 0
183 5
184 0
185 0
186 7
187 0
188 5
189 9
189 5
190 5
191 0
192 0
193 5
194 0
195 5
196 10
197 7
198 5
199 9
200 0
201 5
202 4
203 0
204 5
205 0
206 0
207 0
208 5
209 24
209 0
210 0
211 25
212 0
213 0
213 2
214 24
214 2
214 0
215 7
216 14
217 2
217 4
217 19
218 5
219 5
220 7
221 0
221 4
221 2
221 10
222 0
222 24
223 5
224 0
225 0
226 0
227 5
228 0
229 7
230 0
231 11
232 23
233 11
234 0
235 0
236 5
237 0
238 5
239 5
240 0
241 5
242 2
242 10
243 0
244 2
244 15
245 0
246 18
247 0
247 4
248 0
249 7
250 0
251 0
252 5
253 0
254 0
255 26
255 27
256 0
257 7
258 4
259 0
260 0
261 28
262 0
263 5
264 0
265 0
266 0
267 7
268 0
269 0
270 2
271 11
272 2
273 5
274 0
275 5
276 0
277 5
278 7
279 11
280 4
280 19
281 7
282 0
283 2
284 5
285 7
286 0
287 0
288 14
288 4
289 5
290 0
290 14
291 0
292 7
293 0
294 5
295 5
296 0
297 11
298 11
299 2
300 7
301 0
302 0
303 5
304 0
305 5
306 0
307 0
308 0
309 5
310 0
311 0
312 0
313 0
314 5
315 7
316 0
317 0
318 4
319 7
320 7
321 0
322 0
323 0
324 10
324 4
324 19
325 0
326 7
327 0
328 7
329 5
330 0
331 0
332 0
333 5
334 0
335 0
336 5
337 5
338 0
339 0
340 2
340 4
341 0
342 5
343 0
344 0
344 14
345 5
346 11
347 7
348 7
349 5
350 5
351 7
352 0
353 0
354 11
355 5
356 5
357 5
358 0
359 7
360 0
360 5
360 2
361 7
362 0
363 26
363 2
364 5
365 0
365 4
366 0
367 0
368 0
369 0
370 7
371 5
372 0
373 7
374 5
375 5
376 5
377 0
378 0
379 5
380 0
381 7
382 0
383 2
383 10
384 0
385 5
386 0
387 0
388 0
389 0
390 0
390 2
391 7
392 7
393 14
393 16
393 19
394 5
395 0
396 0
397 5
398 7
399 2
400 0
401 11
402 7
403 0
404 0
405 0
406 5
407 5
408 0
409 7
410 0
410 12
410 2
411 2
412 5
413 5
414 0
415 0
416 5
417 5
418 4
418 18
418 10
418 29
419 7
420 0
421 0
422 5
423 0
424 11
425 0
426 0
427 5
428 0
429 14
429 30
430 0
431 5
432 0
433 27
433 2
433 10
433 31
434 0
435 0
436 11
437 0
438 0
439 0
440 0
441 5
442 0
443 0
444 0
445 0
446 8
447 0
447 2
448 5
449 7
450 9
451 0
452 0
453 11
454 11
455 0
456 5
457 0
458 2
458 4
458 27
458 19
459 7
460 24
461 7
462 8
463 0
464 18
465 0
466 23
466 0
467 32
468 0
469 0
470 0
471 2
471 0
471 18
471 33
472 0
473 5
474 5
475 0
476 0
477 2
477 4
478 0
479 5
480 5
481 0
482 0
482 14
483 0
483 2
483 34
483 10
484 7
485 0
486 5
487 2
488 0
489 5
490 7
491 0
492 2
492 0
493 4
493 14
493 2
493 19
493 34
494 5
495 5
496 0
497 5
498 0
499 0
500 7
501 4
502 24
503 5
504 0
505 0
506 5
507 0
508 0
509 0
510 7
511 0
512 7
513 0
514 0
515 28
515 2
516 0
517 5
518 7
519 4
520 5
521 7
522 0
522 14
523 0
524 0
525 7
526 26
526 0
526 2
527 5
528 0
528 14
529 0
529 10
530 11
531 0
532 5
533 0
534 0
535 0
535 14
535 2
535 26
536 0
536 2
537 5
538 0
539 5
540 0
541 0
542 11
543 5
544 35
545 0
546 0
547 0
548 0
549 0
550 10
550 4
550 19
551 20
552 0
553 5
554 5
555 9
556 0
557 5
558 7
559 7
560 0
561 0
562 4
563 0
564 0
565 20
566 5
567 5
568 2
568 0
568 14
569 5
570 7
571 5
572 5
573 0
574 26
575 5
576 9
577 7
578 5
579 0
580 0
581 14
581 2
581 0
582 5
583 0
584 24
585 5
586 2
586 4
587 0
588 5
589 0
590 0
591 0
592 1
592 4
592 10
593 5
594 0
595 7
596 2
597 5
598 2
598 0
599 0
600 0
601 0
601 4
601 19
602 5
603 5
604 11
605 0
606 0
606 4
607 2
607 0
607 24
608 5
609 0
610 26
611 7
612 22
613 5
614 0
615 7
616 0
617 7
618 0
619 0
620 0
621 5
622 5
623 2
624 0
625 5
626 0
626 12
626 27
626 31
627 5
628 5
629 0
630 0
631 7
632 5
633 24
634 9
634 11
635 0
635 14
636 0
637 11
638 7
639 0
640 0
640 14
640 27
641 11
642 12
642 0
643 5
644 0
645 7
646 5
647 0
648 0
649 0
649 14
650 0
651 27
652 0
653 7
654 0
654 2
654 27
655 7
656 0
657 2
658 5
659 9
660 1
661 0
662 5
663 5
664 2
665 5
666 0
667 0
667 7
667 4
667 27
668 0
669 11
670 5
671 0
672 0
673 5
674 7
675 0
676 5
677 0
678 7
679 7
680 7
681 0
682 0
682 2
683 0
684 0
685 0
686 7
687 7
688 7
689 5
690 7
691 0
692 0
693 5
694 0
695 5
696 5
697 0
698 14
699 0
699 35
700 17
701 2
701 0
702 14
703 0
704 7
705 7
706 0
707 36
707 27
707 0
708 5
709 11
710 5
711 5
712 0
713 4
713 19
714 5
715 0
716 0
717 0
718 0
719 0
720 7
721 0
722 5
723 0
724 5
725 5
726 5
727 0
728 0
729 5
730 2
730 0
731 4
731 2
732 4
733 0
734 7
735 7
736 21
737 0
738 0
739 4
740 0
741 36
742 5
743 0
744 0
745 11
745 9
746 0
747 7
748 2
748 4
748 0
749 5
750 7
751 0
752 5
753 7
754 0
755 0
756 0
757 5
758 5
759 5
760 0
761 29
761 18
761 14
761 37
761 38
762 0
763 7
764 0
765 4
766 7
767 14
768 7
768 4
768 14
769 11
770 7
771 2
771 0
772 5
773 0
774 5
775 5
776 7
777 7
778 14
778 4
779 14
780 5
781 4
781 0
782 0
783 5
784 5
785 0
785 2
786 0
787 0
788 7
789 0
790 0
791 5
792 7
793 0
794 5
795 0
796 0
797 5
798 0
799 0
800 0
801 7
802 0
803 7
804 7
805 0
806 5
807 8
808 5
809 5
810 0
810 39
811 40
811 0
812 0
813 5
814 0
815 7
816 0
817 24
817 0
818 0
819 0
820 0
820 2
821 0
822 0
822 2
823 0
823 9
824 0
824 27
825 5
826 5
827 0
828 5
829 0
830 5
831 2
832 7
833 7
834 0
835 8
836 0
837 5
838 0
839 7
840 5
841 0
842 5
843 0
843 2
844 20
845 5
846 5
847 4
848 7
849 7
850 0
851 5
852 0
853 5
854 0
855 11
856 0
857 7
858 5
859 0
859 14
860 36
860 4
860 0
861 0
862 5
863 0
864 16
864 2
864 14
865 4
865 2
866 5
867 5
868 0
869 5
870 5
871 0
872 0
873 0
874 0
875 0
876 0
877 19
877 4
878 5
879 0
880 5
881 0
882 5
883 4
884 5
885 2
885 0
886 0
887 0
888 0
889 2
890 5
891 5
892 0
893 24
894 5
895 5
896 0
897 5
898 5
899 0
900 0
900 2
901 0
902 4
903 11
903 4
904 0
905 2
905 0
906 0
907 7
908 0
909 0
910 0
911 2
911 14
911 0
911 4
912 4
912 14
913 7
914 7
915 0
916 5
917 0
918 0
919 0
920 0
921 5
922 5
923 0
924 0
925 2
925 0
926 14
926 0
926 2
926 4
926 41
927 5
928 5
929 7
930 5
931 1
932 5
933 0
933 2
934 5
935 7
936 5
937 7
938 0
938 14
939 2
940 5
941 0
941 2
942 5
943 7
944 0
945 2
945 0
946 2
947 7
948 9
949 5
950 0
951 0
952 0
953 18
954 5
955 4
955 1
955 10
956 0
957 0
958 7
959 0
960 5
961 0
962 5
963 7
964 7
965 7
966 0
967 5
968 5
969 5
970 0
971 7
972 19
973 7
974 7
975 5
976 0
977 22
977 25
977 2
978 0
979 0
980 42
981 0
982 2
982 0
983 0
984 7
985 0
986 0
987 0
988 7
989 5
990 7
991 0
992 5
993 0
994 4
995 0
996 22
996 28
997 0
998 0
999 7
1000 0
1001 5
1002 0
1002 2
1003 0
1004 5
1005 7
1006 0
1007 22
1007 28
1007 4
1007 16
1007 2
1007 14
1007 25
1007 43
1008 0
1008 29
1009 0
1010 9
1011 2
1011 0
1011 24
1012 7
1013 5
1014 0
1015 0
1016 5
1017 7
1018 1
1018 0
1019 5
1020 27
1020 0
1020 5
1021 5
1022 0
1023 0
1023 2
1024 7
1025 0
1026 7
1027 0
1028 0
1029 5
1030 2
1030 0
1031 0
1032 0
1033 0
1034 0
1035 0
1035 27
1035 2
1036 0
1037 0
1038 10
1038 18
1038 2
1039 5
1040 7
1041 5
1042 0
1043 0
1044 0
1045 7
1046 5
1047 5
1048 0
1049 5
1050 0
1051 0
1052 0
1053 7
1054 5
1055 0
1056 5
1057 0
1058 7
1058 2
1059 0
1060 5
1061 0
1061 27
1062 5
1063 5
1064 0
1064 4
1065 0
1066 2
1066 0
1067 10
1067 4
1068 5
1069 7
1070 5
1071 0
1072 0
1073 4
1074 0
1074 2
1075 0
1076 5
1077 5
1078 0
1079 7
1080 0
1081 22
1081 27
1081 25
1081 24
1081 0
1082 11
1083 5
1084 0
1085 27
1086 4
1087 0
1088 35
1089 27
1090 5
1091 0
1092 0
1093 5
1094 11
1095 0
1096 0
1097 2
1098 0
1099 13
1099 1
1100 0
1101 0
1102 0
1103 4
1104 5
1105 5
1106 5
1107 0
1108 0
1109 0
1110 5
1111 0
1112 5
1113 0
1113 27
1113 13
1114 0
1115 5
1116 0
1117 0
1118 5
1118 7
1119 44
1119 0
1120 0
1121 11
1121 20
1122 5
1123 7
1124 0
1125 0
1126 0
1127 9
1128 5
1129 5
1130 0
1131 0
1132 0
1133 5
1134 2
1135 0
1136 11
1137 0
1138 7
1139 5
1140 7
1141 7
1142 0
1142 5
1143 5
1144 4
1144 1
1145 14
1145 0
1145 2
1146 7
1147 4
1147 27
1148 0
1149 5
1150 1
1151 14
1151 0
1152 0
1153 0
1154 0
1155 0
1155 14
1156 5
1157 5
1158 9
1158 0
1158 27
1159 0
1160 0
1161 0
1161 2
1162 0
1162 2
1163 2
1163 4
1163 0
1164 5
1165 0
1166 7
1166 4
1167 0
1168 0
1169 7
1170 0
1170 14
1171 0
1171 2
1172 5
1173 5
1174 20
1175 0
1176 4
1176 19
1177 0
1178 7
1179 5
1180 7
1181 5
1182 0
1183 4
1183 0
1184 8
1185 0
1186 0
1187 9
1188 5
1189 2
1189 0
1189 30
1190 4
1191 5
1192 5
1193 0
1194 5
1194 0
1195 27
1196 0
1197 0
1198 0
1199 7
1200 7
1201 5
1202 7
1203 5
1204 0
1205 7
1206 0
1206 27
1207 7
1208 5
1209 0
1210 0
1211 5
1212 0
1213 0
1214 5
1215 5
1216 14
1217 2
1218 0
1219 7
1220 0
1221 4
1222 0
1223 0
1224 5
1225 2
1225 4
1226 5
1227 5
1228 0
1229 19
1230 5
1231 4
1231 10
1232 0
1233 5
1234 7
1235 0
1236 5
1237 5
1238 5
1239 7
1240 0
1241 0
1242 10
1243 0
1244 0
1244 9
1245 4
1245 14
1246 0
1247 2
1247 0
1248 0
1249 2
1250 7
1251 4
1252 0
1253 0
1254 7
1255 5
1256 0
1257 0
1258 5
1259 2
1259 0
1260 5
1261 2
1261 4
1262 2
1262 0
1262 4
1263 5
1264 5
1265 7
1266 24
1266 0
1267 7
1268 0
1269 7
1270 0
1271 0
1272 5
1273 0
1274 8
1274 4
1274 14
1275 11
1276 7
1277 2
1278 0
1278 2
1279 0
1280 0
1280 14
1280 2
1281 45
1282 11
1283 7
1284 14
1284 2
1285 0
1286 4
1287 0
1288 0
1289 0
1290 0
1290 2
1291 2
1291 0
1292 0
1292 9
1292 20
1292 11
1293 0
1294 24
1294 12
1295 0
1295 1
1296 5
1297 19
1297 4
1298 0
1299 0
1300 7
1301 2
1301 0
1301 26
1302 2
1302 0
1303 5
1304 0
1305 0
1306 0
1306 4
1307 0
1308 0
1309 0
1310 0
1311 7
1312 5
1313 7
1314 7
1315 5
1316 5
1317 0
1317 14
1317 2
1318 0
1319 5
1320 9
1321 0
1322 14
1322 2
1323 0
1324 0
1325 0
1326 5
1327 2
1328 5
1329 5
1330 5
1331 0
1332 0
1333 5
1334 0
1335 0
1336 0
1337 7
1338 14
1338 0
1339 0
1340 5
1341 4
1341 27
1342 2
1342 4
1342 27
1343 8
1343 2
1343 0
1344 7
1345 7
1346 7
1347 0
1348 0
1349 7
1350 0
1351 7
1352 0
1353 7
1354 18
1355 0
1356 5
1357 5
1358 0
1359 5
1360 0
1361 5
1361 7
1362 0
1363 5
1364 7
1365 7
1366 5
1367 0
1368 0
1369 7
1370 0
1371 5
1372 0
1373 0
1374 0
1375 2
1376 5
1377 7
1378 19
1378 4
1378 10
1379 0
1380 5
1381 0
1382 5
1383 2
1384 5
1385 0
1385 19
1386 0
1387 0
1387 14
1387 4
1388 0
1389 0
1389 2
1389 27
1390 5
1391 0
1392 5
1393 11
1394 0
1395 0
1396 0
1397 2
1397 0
1397 26
1398 0
1399 0
1400 0
1401 0
1402 5
1403 0
1403 1
1404 0
1405 7
1406 5
1407 0
1408 7
1409 36
1409 16
1409 0
1409 13
1410 20
1410 11
1410 0
1410 9
1411 5
1412 2
1412 0
1413 0
1414 24
1414 2
1414 30
1415 5
1416 0
1417 0
1417 4
1417 1
1418 7
1419 0
1420 0
1421 9
1422 0
1423 0
1424 5
1425 28
1426 2
1426 0
1427 0
1428 0
1429 4
1429 14
1429 40
1430 4
1430 10
1430 34
1430 19
1431 0
1432 11
1433 0
1434 14
1434 10
1434 4
1434 26
1434 2
1435 12
1435 0
1436 0
1437 2
1437 4
1437 0
1438 5
1439 0
1440 11
1441 0
1442 14
1442 28
1443 7
1444 7
1445 5
1446 0
1447 0
1448 20
1449 5
1450 0
1451 2
1452 0
1452 12
1453 7
1454 0
1454 4
1455 0
1456 0
1457 2
1458 0
1459 0
1460 0
1461 5
1462 0
1463 7
1464 7
1465 0
1466 0
1466 2
1467 0
1468 0
1469 5
1470 7
1471 0
1472 0
1473 2
1473 0
1474 0
1475 5
1476 0
1477 5
1478 0
1479 0
1480 0
1481 5
1481 0
1482 7
1483 0
1484 4
1485 5
1486 7
1487 2
1487 4
1488 5
1489 27
1489 4
1490 0
1491 5
1491 0
1492 0
1493 0
1494 1
1495 5
1496 0
1496 22
1497 7
1498 0
1499 0
1500 0
1501 11
1502 0
1503 5
1504 5
1504 7
1505 0
1506 7
1507 0
1508 2
1508 28
1509 0
1510 5
1511 0
1511 24
1512 26
1512 2
1513 5
1514 0
1515 5
1516 2
1517 24
1517 46
1518 5
1519 0
1520 0
1521 0
1522 5
1523 5
1524 5
1525 0
1526 0
1527 5
1528 11
1529 0
1530 5
1531 7
1532 0
1532 24
1533 0
1534 0
1535 0
1536 24
1536 0
1536 22
1537 1
1538 0
1539 7
1540 5
1541 0
1541 7
1542 0
1543 5
1544 2
1544 0
1544 14
1545 0
1546 0
1547 7
1548 7
1549 0
1550 0
1551 0
1551 2
1551 1
1552 2
1552 0
1553 7
1554 0
1555 0
1556 0
1557 0
1557 12
1558 18
1558 4
1559 0
1560 0
1560 5
1561 0
1562 0
1563 9
1564 0
1565 0
1566 5
1567 0
1567 2
1568 7
1569 2
1570 0
1571 0
1572 5
1573 0
1574 5
1575 22
1575 14
1575 28
1575 16
1575 0
1575 2
1575 43
1575 25
1575 47
1576 4
1577 0
1578 4
1579 0
1580 5
1581 7
1582 2
1582 4
1583 5
1584 14
1584 40
1584 17
1585 5
1585 7
1586 7
1587 0
1587 4
1588 0
1589 5
1590 7
1591 0
1592 0
1593 5
1594 5
1595 0
1595 27
1596 0
1597 2
1598 0
1599 0
1599 14
1600 5
1601 7
1602 7
1603 2
1603 0
1603 4
1604 7
1605 0
1606 0
1607 0
1608 5
1609 0
1610 1
1610 35
1611 5
1612 5
1613 0
1614 0
1615 7
1616 0
1617 0
1618 0
1619 0
1620 9
1621 0
1622 5
1623 5
1624 2
1625 0
1626 5
1627 7
1628 5
1629 0
1630 14
1630 2
1631 5
1632 0
1633 5
1634 0
1635 0
1635 4
1636 0
1637 5
1638 0
1639 7
1640 0
1641 0
1642 0
1643 9
1644 5
1645 0
1646 0
1647 0
1648 0
1649 5
1650 5
1651 0
1651 27
1651 4
1651 14
1652 7
1653 0
1654 19
1654 4
1655 0
1655 8
1656 5
1657 0
1658 0
1658 2
1659 5
1660 0
1661 7
1662 7
1663 0
1664 0
1664 22
1665 5
1666 5
1667 7
1668 7
1669 7
1670 7
1671 14
1671 24
1671 27
1671 4
1672 5
1673 5
1674 4
1675 14
1675 0
1676 45
1677 5
1678 2
1678 0
1678 14
1678 19
1679 5
1680 2
1680 0
1681 22
1682 0
1683 5
1684 0
1685 0
1686 0
1687 5
1688 0
1688 24
1689 0
1690 7
1691 7
1692 0
1693 0
1694 7
1695 5
1695 7
1696 0
1697 0
1698 5
1699 0
1700 7
1701 5
1702 47
1703 7
1704 5
1705 5
1706 0
1707 5
1708 0
1709 27
1710 0
1711 15
1711 22
1712 0
1713 0
1714 5
1715 0
1715 26
1716 4
1717 0
1718 5
1719 2
1719 24
1720 0
1721 0
1722 0
1722 9
1723 2
1723 0
1724 5
1725 0
1726 5
1727 5
1728 7
1729 5
1730 2
1730 0
1730 4
1730 19
1731 5
1732 0
1733 2
1734 0
1735 0
1736 0
1737 0
1738 0
1739 5
1740 5
1741 0
1742 0
1743 5
1744 2
1745 5
1746 0
1747 7
1748 0
1749 0
1750 5
1751 5
1752 0
1753 5
1754 0
1755 0
1756 14
1756 17
1756 48
1757 5
1758 0
1759 0
1760 7
1761 7
1762 0
1763 0
1764 2
1765 0
1765 2
1766 7
1767 0
1768 0
1768 2
1769 2
1770 0
1771 4
1771 14
1771 0
1772 1
1772 27
1773 2
1773 0
1774 5
1775 5
1776 5
1777 5
1778 5
1779 24
1779 14
1780 0
1781 5
1782 5
1783 2
1783 0
1784 5
1785 0
1786 2
1786 10
1786 4
1786 17
1787 5
1788 0
1789 0
1790 0
1791 0
1792 0
1793 2
1793 4
1793 0
1794 0
1795 0
1796 0
1797 5
1798 5
1799 45
1800 5
1801 0
1802 9
1803 0
1804 43
1804 0
1805 0
1806 14
1806 4
1806 1
1806 0
1807 5
1808 0
1809 0
1810 7
1811 0
1811 24
1812 7
1813 5
1814 0
1814 2
1814 14
1815 0
1816 0
1817 5
1818 0
1819 0
1820 0
1821 0
1821 7
1822 0
1823 7
1824 0
1825 2
1825 0
1825 4
1826 2
1826 14
1826 27
1826 17
1827 5
1828 0
1829 7
1830 0
1831 7
1832 14
1832 19
1832 49
1832 26
1833 0
1834 0
1835 0
1836 8
1837 0
1837 14
1838 5
1839 2
1839 0
1840 0
1841 15
1842 5
1843 4
1843 9
1843 27
1844 0
1845 5
1846 0
1847 5
1848 5
1849 0
1850 9
1850 5
1851 7
1852 2
1853 0
1854 5
1855 0
1856 0
1857 5
1858 5
1859 0
1860 4
1861 0
1862 14
1862 0
1863 0
1864 0
1865 0
1866 0
1866 4
1866 24
1866 2
1866 14
1867 0
1867 35
1867 1
1868 5
1869 0
1870 2
1870 0
1870 14
1871 2
1872 5
1873 7
1874 7
1875 0
1876 5
1877 7
1878 1
1879 9
1880 5
1881 27
1881 19
1881 4
1881 14
1881 2
1881 49
1881 0
1882 0
1882 27
1883 5
1884 0
1885 0
1885 46
1886 0
1886 27
1887 0
1888 24
1889 0
1890 5
1891 4
1892 0
1893 0
1894 7
1895 0
1896 0
1896 10
1897 4
1898 5
1899 5
1900 0
1900 14
1901 7
1902 7
1903 0
1904 5
1905 5
1906 0
1907 0
1908 5
1909 0
1910 0
1911 5
1912 2
1912 0
1913 7
1914 5
1915 0
1916 0
1917 5
1918 0
1918 14
1919 5
1920 7
1921 0
1922 0
1923 5
1924 0
1925 0
1926 5
1927 7
1928 5
1929 0
1930 5
1931 0
1932 0
1933 0
1934 0
1935 5
1936 2
1936 4
1936 14
1937 0
1938 2
1938 0
1939 5
1940 7
1941 4
1942 0
1943 2
1943 0
1944 7
1945 0
1946 0
1947 13
1947 1
1948 5
1949 0
1950 28
1950 22
1951 27
1952 14
1952 10
1953 0
1954 5
1955 0
1956 0
1957 7
1958 0
1959 0
1960 5
1961 0
1962 0
1962 27
1963 5
1964 0
1965 2
1965 4
1965 26
1965 0
1966 0
1967 7
1968 0
1968 27
1968 2
1969 5
1970 0
1971 0
1972 0
1973 0
1974 0
1975 5
1976 5
1977 5
1978 0
1978 14
1978 2
1979 7
1980 0
1981 2
1982 0
1982 2
1982 24
1983 0
1984 0
1985 5
1986 2
1986 24
1986 0
1987 0
1988 7
1989 0
1990 2
1990 0
1991 1
1991 0
1992 0
1993 7
1994 7
1995 0
1995 14
1996 0
1997 5
1998 2
1998 0
1999 14
1999 2
1999 0
1999 18
