movie genre
0 0
1 1
1 2
1 3
2 4
3 4
4 5
4 4
5 6
5 2
5 4
6 4
7 4
7 7
8 1
8 6
9 1
9 4
9 8
10 1
11 4
11 0
12 4
12 9
13 0
13 4
14 5
15 4
16 10
16 0
16 11
17 12
18 4
19 9
19 4
20 7
20 0
20 4
21 12
22 6
22 13
22 3
22 2
23 1
23 10
23 3
23 2
23 9
23 6
24 9
24 14
24 4
25 10
25 2
26 4
27 4
27 2
28 0
28 4
29 9
29 4
30 4
30 14
31 5
31 4
32 4
32 2
33 13
33 15
33 11
33 2
33 4
34 4
35 10
35 0
36 1
36 8
36 6
36 3
37 1
37 6
37 2
37 3
37 8
38 1
39 0
39 2
40 4
40 6
41 4
41 7
42 4
42 3
43 0
43 11
44 4
45 8
45 6
45 0
45 7
46 0
46 10
47 4
48 13
48 0
48 4
49 6
49 3
49 8
49 14
49 9
50 0
50 6
50 8
50 10
51 0
51 4
52 4
53 4
54 4
54 2
55 13
55 0
56 8
56 3
56 6
56 0
57 2
57 0
57 6
57 8
57 9
58 3
59 5
60 4
61 4
61 11
62 1
62 0
62 6
62 2
62 3
63 4
64 2
64 4
64 10
65 0
65 4
66 2
67 8
67 6
67 0
68 9
68 4
68 8
69 6
69 0
69 13
69 11
69 2
69 3
70 1
70 6
70 0
71 10
71 16
71 11
71 0
72 4
73 4
74 0
75 1
75 3
75 2
75 6
75 14
76 9
77 2
77 3
77 4
78 5
79 0
79 13
79 4
79 15
80 3
80 6
80 4
81 1
81 4
82 4
83 1
83 14
83 2
83 3
83 6
83 4
83 9
84 4
84 3
84 2
85 4
86 12
87 4
88 4
89 1
90 2
90 4
91 4
91 7
92 1
92 8
92 6
93 12
94 4
94 9
95 1
95 2
95 3
95 8
95 14
95 9
96 1
96 3
96 6
96 2
96 0
97 13
97 4
97 10
97 11
98 1
98 6
98 2
98 3
98 8
99 6
99 8
99 15
100 1
100 10
100 0
100 3
101 4
102 4
102 9
103 1
103 6
103 2
104 4
105 1
105 2
105 3
105 8
106 2
107 17
107 4
107 6
108 4
109 1
109 2
109 3
110 10
110 4
110 8
111 4
112 4
113 4
114 10
114 0
114 6
115 5
116 5
116 4
117 0
117 2
118 2
118 3
118 6
118 1
119 1
120 0
120 11
120 13
121 4
121 9
122 1
122 10
123 5
124 5
125 10
125 4
126 2
126 4
126 9
127 8
127 6
127 0
128 0
129 1
129 3
129 6
129 8
129 2
130 12
131 3
131 2
131 14
131 8
132 9
132 4
133 4
133 13
134 0
134 4
135 4
136 1
136 6
136 4
136 3
137 8
137 16
137 9
137 0
138 1
138 3
138 6
139 1
140 0
141 1
142 4
143 4
143 0
144 4
144 9
144 8
145 4
146 1
147 4
148 0
148 2
149 4
149 2
150 5
151 4
152 4
152 7
152 2
152 15
153 9
153 4
153 13
153 3
154 12
155 5
156 1
157 4
158 4
159 4
159 0
159 3
160 9
160 8
160 4
161 4
161 3
162 10
162 4
162 11
163 4
163 7
164 5
165 1
165 3
165 8
166 5
167 6
167 4
167 3
168 2
168 4
168 9
169 4
170 4
171 0
171 4
171 7
172 2
172 4
172 9
172 8
173 5
174 17
174 0
174 4
174 6
175 10
175 0
175 11
176 2
176 13
176 14
176 0
177 1
177 6
178 0
178 15
178 11
179 10
179 0
179 13
180 5
181 4
182 8
182 9
183 5
184 14
184 2
184 4
184 3
184 9
185 1
185 6
186 1
187 4
187 7
187 9
188 0
188 4
189 4
190 4
191 4
191 9
192 13
192 4
193 0
193 13
193 4
194 4
195 4
196 4
196 8
196 14
197 1
198 4
199 4
199 9
200 4
200 2
201 5
202 1
202 2
202 3
203 1
203 3
203 6
203 0
203 2
204 5
205 3
205 4
206 1
206 3
206 4
206 8
206 9
206 14
207 14
207 9
207 2
208 5
209 4
210 1
210 17
210 3
211 7
212 3
212 6
212 4
213 0
213 6
213 10
213 11
214 4
215 1
216 4
217 4
218 4
219 1
220 1
220 6
220 3
221 4
221 18
222 4
222 7
222 9
223 4
224 10
224 4
224 15
224 13
224 0
225 4
226 0
226 4
226 11
227 4
228 1
228 6
228 2
228 3
229 1
229 3
229 6
230 4
230 0
230 6
230 9
231 0
231 16
231 11
231 4
232 4
232 7
233 0
233 4
234 0
235 6
235 8
235 0
235 16
235 11
235 2
236 1
236 6
236 2
236 8
236 9
237 10
237 8
237 3
237 6
238 5
239 4
240 2
241 4
242 4
242 9
243 1
243 0
243 6
244 1
244 15
245 2
245 4
245 8
246 1
246 6
246 3
246 8
247 6
247 13
247 4
248 9
248 4
249 1
250 10
251 10
251 2
252 7
252 4
252 0
253 1
253 6
253 2
253 3
254 13
254 4
254 11
255 4
255 9
256 13
256 4
256 8
256 15
257 1
258 0
258 13
258 11
258 4
259 1
259 0
259 6
259 2
259 3
259 10
260 13
260 11
260 4
261 4
262 4
262 10
262 11
263 5
264 13
264 4
265 9
265 2
266 6
266 8
266 3
266 0
266 2
267 4
268 4
268 9
269 1
269 0
269 3
270 5
271 2
271 0
271 6
271 8
271 9
272 2
273 13
273 4
273 2
273 11
274 0
274 16
274 10
274 11
275 2
275 4
276 2
276 13
276 4
277 4
278 1
278 0
278 8
279 0
279 4
279 9
280 9
280 2
281 4
282 4
283 4
284 2
285 1
285 3
285 4
285 8
286 13
286 4
287 4
287 13
287 2
288 4
289 13
289 0
290 0
290 13
290 4
290 15
290 11
291 10
291 0
291 4
291 15
292 4
293 4
294 5
295 4
296 13
296 11
296 4
297 0
297 13
297 19
297 4
298 4
299 9
299 2
300 4
300 1
300 8
301 13
301 15
301 4
302 4
302 2
302 14
303 1
304 1
304 6
304 2
304 3
304 8
304 14
305 4
306 1
306 3
306 6
306 14
306 2
306 8
306 9
307 2
307 3
307 8
308 7
308 4
309 5
310 4
311 4
312 4
312 13
312 15
313 4
313 17
313 6
313 9
314 5
315 1
315 15
316 9
316 2
316 8
317 4
317 9
318 4
319 4
320 1
321 5
322 4
323 13
323 4
323 15
323 11
324 4
324 9
325 13
325 4
325 11
326 1
327 1
327 6
328 2
328 4
329 4
330 9
330 4
331 2
331 8
331 0
331 13
332 0
332 11
332 4
333 5
334 2
334 4
334 7
335 4
335 9
336 1
337 0
338 4
339 1
339 8
339 3
339 6
339 11
340 2
340 4
340 1
341 0
341 6
341 13
341 15
341 11
342 4
343 4
344 6
344 4
344 11
345 2
346 9
346 4
347 2
347 14
348 1
348 3
348 9
348 4
349 9
350 4
350 2
351 0
351 1
352 3
352 6
352 8
353 4
353 9
354 2
354 0
355 4
356 9
356 4
357 4
358 2
358 4
358 8
359 4
359 9
360 5
360 3
361 3
361 2
361 1
362 10
362 8
362 6
362 1
363 4
363 11
364 4
364 9
365 4
366 13
366 0
367 1
367 6
367 2
367 3
367 8
367 14
368 0
368 11
369 16
369 4
370 1
370 2
371 4
372 0
372 6
372 11
373 1
373 8
373 9
373 4
373 6
373 3
374 4
375 4
376 2
377 1
377 3
377 6
378 9
378 4
378 10
379 2
379 4
380 7
380 4
381 1
382 10
382 17
382 8
382 2
383 4
384 16
384 10
385 1
386 15
386 11
387 3
387 0
387 8
387 6
388 0
388 13
388 11
389 4
389 6
390 10
391 1
392 2
392 4
393 0
393 13
393 4
393 2
394 5
395 3
395 8
395 6
395 14
396 10
396 6
396 0
397 11
397 5
398 1
399 4
399 7
400 1
400 0
400 2
400 3
400 10
401 13
401 11
401 19
401 4
402 1
402 8
403 16
403 11
403 15
404 1
404 3
404 6
404 14
404 2
405 17
406 4
407 9
407 4
408 0
408 11
409 3
409 4
410 4
410 9
411 9
411 2
412 4
413 4
414 0
414 6
414 11
415 1
415 0
415 6
416 0
416 2
417 4
418 4
418 9
419 0
419 6
419 4
420 1
420 8
420 6
420 4
421 2
421 14
422 5
423 6
423 2
423 4
424 0
424 4
424 9
425 17
425 13
425 4
426 5
427 13
427 11
427 0
428 2
428 4
429 4
429 9
430 4
430 9
431 5
432 9
432 4
433 4
433 7
434 4
434 2
434 9
435 10
435 6
435 0
435 8
436 0
436 13
436 4
436 11
437 4
437 7
438 4
439 1
439 2
440 4
441 9
441 4
442 10
442 6
442 0
442 7
443 4
444 8
444 15
444 9
444 4
445 0
445 10
446 2
446 4
447 9
447 2
447 4
447 8
448 12
449 1
449 0
449 4
449 10
450 4
451 0
451 4
452 9
452 4
453 0
454 0
454 2
455 8
455 2
455 6
455 0
456 2
456 4
456 9
457 4
457 11
458 4
458 9
458 7
459 1
460 0
461 9
462 4
463 4
463 6
463 0
463 11
464 4
465 3
465 4
466 2
466 4
467 4
468 0
468 10
468 8
469 0
469 4
469 10
470 7
470 4
471 5
472 9
472 2
472 3
473 4
474 4
475 0
475 13
475 11
476 4
476 15
476 11
477 4
478 10
478 4
478 9
478 0
478 11
479 13
479 11
480 4
481 6
481 0
481 8
482 2
482 13
482 0
483 4
483 7
483 9
484 1
484 15
484 20
484 6
485 2
485 8
485 9
486 4
487 4
488 4
489 5
490 1
490 4
491 0
491 6
491 4
492 4
492 9
493 7
493 4
494 4
495 4
496 13
496 4
497 4
497 15
497 13
497 11
498 6
498 3
498 2
498 11
499 4
500 1
501 2
502 13
502 4
502 11
503 5
504 14
504 9
505 10
505 11
505 0
505 6
505 4
506 13
506 4
507 1
508 1
508 6
508 2
509 6
509 2
509 3
509 8
509 1
510 4
511 4
511 9
511 2
512 5
513 4
514 4
514 3
514 2
515 5
516 4
517 4
518 1
519 4
520 4
520 3
521 1
521 2
521 10
522 10
522 4
522 8
523 4
524 8
524 6
525 5
526 4
526 9
527 5
528 0
528 4
528 10
528 11
529 4
529 9
529 7
530 9
530 4
531 9
531 4
532 4
532 2
533 2
533 4
534 6
534 0
534 8
535 7
535 4
535 11
535 0
536 0
536 13
536 11
537 5
538 1
538 6
538 2
538 3
538 8
539 9
539 8
540 0
540 4
541 5
541 13
542 6
542 0
542 9
543 4
544 4
545 0
545 4
545 11
545 7
546 1
546 0
546 2
546 3
547 4
547 8
547 2
548 1
548 6
548 2
549 11
549 16
549 4
550 4
551 9
551 4
552 0
552 19
553 4
554 2
554 3
554 6
555 4
555 9
556 9
556 6
557 4
558 1
558 6
559 1
560 1
560 6
560 2
561 4
562 1
562 2
562 4
562 3
563 13
563 16
563 11
564 4
565 9
565 4
566 13
566 0
567 4
568 4
569 1
569 10
569 8
570 1
570 15
571 5
572 0
572 4
573 4
574 4
575 4
575 3
576 4
577 1
577 6
577 8
577 3
578 4
579 4
579 8
580 2
581 4
581 11
582 4
582 3
583 10
583 6
583 0
583 8
584 1
584 2
584 4
585 2
585 4
586 4
587 4
588 4
589 10
589 0
590 4
590 9
591 10
591 6
591 0
591 8
592 4
593 2
593 4
594 4
594 2
595 4
595 9
596 4
596 5
597 13
597 4
598 4
599 4
600 0
600 11
601 1
601 6
602 9
602 4
603 4
604 8
604 16
604 9
604 0
605 0
605 11
606 0
606 10
606 11
607 1
607 0
607 3
608 4
608 9
609 9
609 4
609 14
609 2
610 4
610 9
611 1
612 4
613 5
614 1
614 6
614 8
614 2
614 3
615 9
615 2
616 14
616 1
617 1
617 8
617 4
618 1
618 3
619 4
620 2
620 9
620 4
621 0
622 2
622 4
623 2
623 13
624 6
625 9
626 10
626 0
626 11
626 4
627 9
627 4
628 0
628 4
629 14
630 3
630 2
630 6
630 8
630 1
631 1
631 0
631 10
631 2
631 6
632 9
633 1
633 2
633 3
634 7
634 18
634 4
635 4
635 9
636 5
636 4
637 0
637 13
637 19
637 4
638 1
638 4
639 2
639 10
639 16
640 14
640 13
640 4
641 13
641 0
641 4
642 6
642 8
642 0
643 9
644 4
645 4
645 9
646 4
647 0
647 6
647 8
647 10
648 0
648 3
648 6
648 2
649 6
649 15
649 11
649 0
649 4
650 1
650 2
650 6
651 6
651 4
652 0
652 13
652 11
652 6
653 1
653 10
653 20
653 13
654 1
655 1
656 4
657 4
658 4
659 4
659 9
660 13
660 15
660 11
661 2
661 4
661 6
662 4
663 3
663 4
664 4
664 9
665 5
665 4
666 0
666 10
667 0
667 13
667 11
668 0
668 6
668 10
669 13
669 4
670 2
670 4
671 15
671 11
672 2
672 4
673 4
673 2
674 1
674 10
674 0
675 8
675 9
675 4
676 4
677 4
678 0
678 4
679 4
679 1
679 8
680 1
680 0
681 4
682 4
683 0
683 13
683 4
683 11
684 0
684 10
684 6
684 11
685 4
685 9
686 1
686 3
686 2
687 2
688 4
689 4
689 0
690 1
690 6
691 16
691 11
692 0
692 10
693 4
693 8
694 1
694 2
694 3
694 8
695 5
696 4
697 7
697 9
698 2
698 4
699 4
699 7
700 4
701 4
701 9
702 1
702 6
702 2
703 0
703 6
703 11
704 1
704 4
704 3
704 10
705 9
705 8
706 7
706 4
707 1
707 6
707 2
707 3
708 13
708 4
709 8
709 16
709 9
710 2
711 11
712 4
713 4
714 5
714 0
714 2
715 2
715 4
716 4
716 11
717 4
718 3
718 8
719 10
719 0
719 4
719 8
720 1
721 13
721 4
721 0
722 2
723 4
724 4
725 0
725 19
726 4
727 4
728 4
729 5
730 9
730 4
730 2
731 3
731 4
731 6
732 2
732 4
733 0
733 6
733 10
734 2
735 1
735 6
735 8
735 0
736 4
737 8
737 6
737 0
737 2
738 1
738 0
738 6
738 2
738 3
738 8
739 2
739 3
739 4
740 6
740 0
741 0
741 11
742 16
743 0
744 0
744 11
744 4
745 2
745 0
746 0
746 6
746 11
747 1
747 4
748 2
748 3
748 8
749 4
750 9
750 4
751 4
751 7
752 4
753 1
753 8
754 9
754 2
755 13
755 4
755 11
756 20
756 4
756 9
757 4
758 4
758 9
759 4
760 0
760 4
761 5
762 9
763 1
764 4
764 13
764 11
765 5
766 1
766 4
766 8
766 9
767 2
768 4
769 4
770 1
771 8
771 3
771 6
771 0
772 2
772 9
773 0
773 6
774 5
775 4
775 7
776 0
776 6
777 4
778 4
779 2
779 4
780 0
780 9
780 4
781 0
781 7
782 6
782 0
782 11
782 16
782 8
783 4
784 2
785 0
785 13
785 11
786 2
786 9
787 2
787 3
787 6
787 8
787 1
788 1
788 3
788 6
789 10
789 6
789 0
789 8
790 1
790 6
790 2
791 9
791 4
792 4
793 1
793 2
793 3
793 8
794 0
794 11
794 13
795 3
795 2
796 8
796 3
796 14
797 1
797 3
797 6
797 4
798 0
798 2
799 0
799 10
800 0
800 6
800 10
800 11
800 4
801 4
801 3
802 6
802 4
802 8
803 1
804 1
804 6
805 13
805 4
805 15
805 11
806 0
807 4
808 0
808 4
809 4
810 7
810 4
811 9
811 4
812 4
813 2
813 4
814 4
815 4
815 9
816 2
816 9
817 4
818 1
818 6
819 6
819 4
819 3
820 0
820 13
820 4
820 11
821 15
821 11
821 10
821 9
821 4
822 0
822 11
823 10
823 6
823 0
824 1
824 6
824 2
824 3
824 10
825 5
826 4
826 2
827 16
827 11
828 4
829 10
829 0
829 6
830 4
830 3
831 13
831 4
832 4
833 1
834 9
834 2
835 2
835 4
836 13
836 15
836 11
836 4
837 4
838 0
838 6
838 8
838 10
839 4
840 9
840 2
840 4
841 2
841 4
842 0
842 13
842 4
842 19
843 4
844 9
844 4
845 4
846 5
847 4
847 9
848 1
849 6
849 3
849 1
850 4
851 4
852 4
853 10
853 11
854 4
855 2
855 0
856 1
856 6
856 2
856 3
856 8
856 14
857 1
857 8
858 4
859 15
859 11
859 4
860 13
860 11
860 4
861 10
861 0
862 4
862 19
863 4
864 9
864 7
864 11
864 4
865 4
865 9
866 4
866 0
867 5
868 10
868 4
868 11
869 19
869 0
869 4
870 12
871 2
871 4
871 9
872 4
872 14
873 4
873 2
874 10
874 6
874 0
874 8
875 6
875 15
875 0
875 11
876 4
876 9
877 1
877 6
877 3
878 2
879 4
879 0
879 7
880 4
880 3
881 4
882 0
882 4
883 4
883 2
884 9
884 4
885 13
885 4
885 9
886 4
886 9
887 4
887 14
888 4
889 5
890 4
890 3
891 5
892 10
892 6
892 0
893 0
893 6
893 11
894 4
894 2
895 4
896 0
896 6
896 13
896 9
896 10
897 4
898 4
899 13
899 11
899 15
900 0
900 11
901 4
902 0
902 6
902 10
903 4
903 9
904 4
905 8
905 6
905 9
905 2
906 9
906 4
907 1
907 4
907 9
908 4
909 4
910 1
910 3
910 8
910 6
911 2
911 4
911 9
912 2
912 8
912 9
913 1
914 1
914 10
914 3
914 6
915 0
915 6
915 13
916 1
917 8
917 16
917 9
918 0
918 4
919 2
920 0
920 10
920 6
921 4
921 0
921 9
922 4
923 2
923 0
924 9
924 4
925 4
925 2
925 13
926 5
927 4
928 4
929 1
930 13
930 0
930 19
931 4
931 8
931 15
932 4
933 0
933 13
933 11
934 4
935 4
935 9
935 3
936 9
936 4
937 4
938 0
938 4
939 2
939 9
940 2
940 9
940 4
941 8
941 6
941 2
941 3
942 0
942 4
943 1
943 4
943 2
943 9
944 0
944 6
944 10
945 4
945 11
946 4
947 1
948 13
948 4
948 11
948 7
949 13
949 11
949 2
950 10
950 11
950 6
950 0
951 1
951 6
951 2
951 3
951 8
952 4
953 0
953 4
954 4
955 4
956 1
956 2
957 8
957 14
957 9
958 1
959 1
959 2
959 3
959 10
960 4
960 9
960 8
961 4
961 9
962 5
963 1
964 1
965 1
965 20
965 6
966 4
966 11
967 4
968 4
969 4
970 1
970 0
970 6
970 2
970 3
970 9
971 0
971 2
971 9
971 4
972 1
972 6
972 3
973 6
973 0
973 8
973 1
974 4
974 3
974 9
975 16
975 11
976 5
977 5
977 13
978 1
978 6
978 2
979 9
979 4
980 4
980 9
981 5
982 2
982 4
983 13
983 4
983 2
983 11
984 1
985 9
985 2
986 0
986 6
986 10
987 4
987 13
987 11
988 1
989 16
989 15
989 0
989 7
990 4
991 4
991 11
992 11
993 2
993 3
994 4
994 9
995 10
995 4
996 4
996 11
997 1
997 6
998 1
998 2
998 3
999 1
1000 4
1000 9
1001 4
1001 2
1002 8
1002 3
1002 6
1002 0
1003 4
1004 1
1004 11
1005 1
1006 2
1007 4
1007 11
1007 15
1008 0
1008 15
1008 4
1008 11
1008 6
1009 4
1010 9
1010 2
1011 1
1011 3
1012 1
1012 4
1012 0
1013 9
1014 2
1015 4
1015 9
1016 9
1017 4
1018 4
1019 1
1020 1
1020 6
1020 2
1020 3
1021 4
1022 0
1022 6
1022 11
1023 4
1023 9
1023 14
1024 1
1024 15
1024 11
1025 0
1026 1
1026 6
1026 8
1026 3
1027 4
1028 0
1028 2
1028 11
1029 1
1030 4
1030 3
1031 6
1031 4
1031 8
1032 16
1032 0
1033 1
1033 2
1033 3
1034 0
1035 4
1036 4
1036 15
1036 11
1036 9
1037 9
1037 4
1038 4
1039 4
1040 4
1040 3
1041 4
1042 2
1042 4
1043 0
1043 11
1043 4
1043 8
1044 4
1045 1
1046 5
1047 1
1048 13
1048 11
1049 0
1049 2
1050 4
1050 0
1051 1
1051 6
1051 2
1051 3
1052 10
1052 0
1052 4
1053 4
1054 9
1054 2
1055 4
1055 8
1055 9
1055 11
1056 9
1056 2
1057 13
1057 4
1057 11
1058 10
1058 8
1058 1
1059 4
1059 2
1060 1
1061 2
1061 9
1062 5
1063 9
1063 4
1064 9
1064 2
1064 4
1065 4
1065 9
1066 1
1066 3
1067 4
1067 11
1067 15
1068 5
1069 6
1069 8
1069 3
1069 1
1070 9
1070 4
1071 4
1071 11
1072 8
1072 2
1072 4
1072 9
1073 2
1074 4
1074 9
1074 7
1075 0
1075 6
1075 8
1076 1
1076 8
1076 6
1077 8
1077 4
1078 2
1078 0
1079 4
1079 10
1080 4
1081 1
1081 0
1081 6
1081 3
1081 2
1082 0
1082 6
1083 4
1084 2
1085 8
1085 10
1085 16
1086 4
1087 9
1087 2
1088 4
1088 11
1089 4
1090 4
1090 9
1091 1
1091 0
1091 6
1091 2
1091 3
1092 2
1092 4
1093 4
1094 0
1094 4
1095 0
1096 4
1096 0
1096 6
1096 11
1097 1
1097 3
1097 2
1098 0
1098 4
1099 4
1099 15
1099 9
1099 11
1100 1
1100 6
1100 2
1101 4
1101 2
1101 9
1102 11
1102 4
1103 10
1103 0
1104 4
1105 13
1105 4
1106 4
1107 10
1107 6
1107 0
1108 16
1108 11
1108 0
1108 10
1109 0
1109 4
1110 9
1110 4
1111 1
1111 6
1111 2
1111 3
1112 4
1112 9
1113 0
1113 6
1113 9
1113 10
1113 11
1114 9
1114 2
1115 4
1115 3
1116 1
1116 6
1116 2
1116 3
1116 8
1116 14
1117 0
1117 4
1118 4
1118 0
1118 2
1119 0
1119 13
1119 11
1120 1
1120 6
1120 3
1120 8
1120 14
1121 4
1121 0
1122 4
1123 1
1123 20
1123 6
1124 4
1124 11
1125 0
1125 6
1125 2
1125 10
1126 1
1126 6
1126 2
1126 3
1127 2
1127 0
1128 9
1128 4
1128 20
1129 7
1129 4
1130 0
1130 6
1130 10
1130 9
1130 11
1131 1
1131 6
1131 2
1132 2
1132 4
1133 9
1133 2
1134 13
1134 4
1134 9
1135 2
1135 9
1136 0
1136 11
1136 13
1136 4
1137 0
1137 6
1137 8
1137 9
1138 2
1139 4
1140 1
1140 2
1140 6
1141 1
1142 1
1142 6
1143 4
1144 2
1144 4
1145 10
1145 11
1145 6
1145 0
1145 16
1146 1
1146 8
1146 0
1147 4
1148 2
1148 13
1149 5
1149 3
1150 4
1150 8
1151 4
1151 11
1152 10
1152 0
1152 2
1153 1
1153 2
1153 3
1154 1
1154 13
1154 0
1155 13
1155 4
1156 4
1156 2
1156 9
1157 9
1158 9
1158 4
1159 4
1160 0
1160 10
1160 11
1161 0
1161 4
1161 7
1162 4
1162 9
1163 4
1163 9
1163 2
1164 5
1165 4
1166 1
1166 6
1166 8
1166 0
1166 7
1166 3
1167 1
1167 6
1167 3
1167 8
1167 14
1168 0
1168 4
1168 11
1169 13
1169 4
1169 15
1170 13
1170 11
1170 15
1171 1
1171 6
1171 2
1171 3
1172 13
1172 4
1173 5
1174 4
1174 9
1175 13
1175 11
1176 4
1177 11
1177 4
1178 4
1178 2
1179 4
1180 9
1180 8
1181 4
1181 2
1182 0
1182 6
1182 11
1183 4
1184 3
1185 2
1185 4
1185 3
1186 0
1186 4
1186 10
1186 11
1187 2
1187 8
1187 6
1188 9
1188 4
1188 8
1189 4
1190 1
1190 8
1191 4
1192 4
1193 0
1193 6
1193 4
1194 1
1195 2
1195 4
1196 2
1197 0
1197 6
1197 8
1198 4
1199 6
1199 8
1199 3
1199 1
1200 2
1200 4
1201 13
1201 4
1202 4
1203 13
1203 0
1203 4
1204 2
1204 9
1205 1
1205 8
1205 3
1205 6
1206 4
1206 9
1207 1
1208 4
1209 0
1209 4
1209 7
1209 6
1210 4
1210 9
1211 9
1211 4
1212 0
1212 11
1213 10
1213 11
1213 0
1214 6
1214 0
1214 11
1214 2
1214 4
1214 10
1214 8
1215 9
1215 4
1216 4
1217 2
1217 4
1218 2
1219 4
1219 2
1220 4
1220 2
1221 5
1222 4
1223 13
1223 4
1223 11
1223 0
1224 1
1225 4
1226 2
1226 4
1227 3
1227 2
1227 4
1228 4
1229 1
1229 6
1230 4
1230 9
1231 4
1231 9
1232 4
1232 9
1233 4
1234 2
1235 2
1235 9
1236 5
1237 13
1237 11
1237 2
1237 4
1238 4
1239 3
1239 4
1240 0
1240 6
1240 10
1241 2
1241 8
1242 13
1242 4
1242 9
1243 4
1243 14
1243 9
1244 1
1244 0
1244 6
1244 2
1244 3
1245 4
1246 9
1246 2
1247 8
1247 6
1247 3
1248 1
1248 6
1248 2
1248 3
1248 10
1249 0
1250 2
1251 9
1252 4
1253 0
1253 2
1254 1
1254 2
1254 10
1254 3
1255 11
1256 1
1256 3
1256 14
1256 9
1257 7
1257 4
1257 0
1257 9
1258 4
1258 2
1259 2
1259 9
1260 1
1261 2
1261 9
1262 4
1262 9
1263 4
1264 8
1264 9
1265 1
1266 3
1266 6
1266 2
1266 14
1266 1
1267 1
1267 9
1268 4
1268 9
1269 1
1269 6
1269 8
1269 3
1270 16
1271 16
1271 10
1271 4
1272 4
1273 4
1273 15
1274 4
1274 9
1275 0
1276 4
1277 2
1277 4
1277 9
1278 0
1278 10
1279 1
1279 6
1279 3
1280 4
1281 11
1282 0
1283 4
1283 8
1284 5
1284 3
1284 6
1285 13
1285 4
1286 0
1287 2
1287 3
1288 4
1288 8
1289 4
1290 4
1291 2
1291 13
1291 11
1292 9
1293 1
1293 2
1293 3
1293 8
1294 4
1294 9
1295 4
1295 8
1296 4
1296 9
1297 4
1298 0
1298 13
1298 4
1298 11
1299 1
1299 2
1299 3
1300 1
1300 6
1301 9
1301 4
1302 11
1302 4
1302 10
1303 4
1303 9
1304 1
1304 6
1304 3
1304 8
1304 2
1305 4
1305 14
1306 0
1307 4
1308 2
1309 0
1309 4
1309 9
1310 4
1311 1
1312 4
1312 0
1313 9
1313 4
1314 16
1314 2
1315 9
1315 2
1316 4
1316 8
1317 0
1317 10
1317 11
1318 2
1318 4
1318 9
1319 4
1320 0
1320 4
1320 7
1321 4
1321 0
1321 7
1322 4
1322 11
1323 4
1323 11
1324 4
1324 2
1324 9
1325 2
1326 4
1327 4
1328 4
1328 9
1329 2
1330 3
1330 2
1330 6
1331 1
1331 2
1331 3
1332 1
1332 3
1333 1
1334 0
1334 13
1334 11
1335 4
1336 4
1336 11
1336 15
1337 3
1337 4
1338 8
1338 15
1338 9
1338 10
1338 11
1339 16
1339 11
1339 8
1340 8
1340 3
1340 1
1341 1
1341 6
1341 3
1341 14
1342 2
1342 3
1342 6
1343 6
1343 4
1343 8
1344 4
1345 4
1346 4
1347 2
1347 4
1347 9
1348 0
1348 6
1348 10
1349 2
1349 15
1350 0
1350 2
1350 6
1351 4
1351 9
1352 4
1352 0
1352 9
1353 4
1354 1
1354 6
1354 3
1354 8
1355 1
1355 3
1355 6
1355 4
1355 9
1356 4
1357 4
1358 4
1359 1
1360 4
1360 0
1361 9
1361 2
1361 10
1362 1
1362 3
1362 8
1363 11
1364 11
1364 4
1365 9
1366 4
1367 0
1367 4
1367 11
1367 13
1368 4
1369 1
1369 6
1369 8
1370 4
1370 6
1370 11
1371 4
1372 13
1372 11
1372 4
1373 0
1374 11
1375 1
1375 6
1376 9
1376 16
1376 2
1377 15
1377 20
1378 4
1379 4
1379 6
1380 4
1381 1
1381 3
1381 2
1381 8
1381 6
1382 11
1382 4
1383 6
1383 4
1383 11
1384 15
1384 8
1385 1
1385 3
1385 8
1386 8
1386 6
1386 4
1386 3
1387 4
1387 9
1387 11
1388 0
1388 10
1388 6
1389 20
1389 0
1389 11
1390 13
1390 11
1390 2
1390 4
1390 0
1391 2
1392 4
1392 2
1392 9
1393 0
1393 4
1394 4
1394 0
1395 0
1395 4
1395 10
1395 11
1396 4
1396 10
1397 0
1397 6
1397 13
1397 4
1397 11
1397 9
1398 5
1398 7
1399 2
1399 4
1400 4
1401 11
1402 5
1403 2
1403 9
1403 8
1404 1
1404 6
1404 2
1404 3
1405 1
1406 9
1406 2
1407 4
1407 9
1408 1
1409 13
1409 4
1409 11
1410 0
1410 8
1411 4
1412 4
1412 14
1413 2
1413 16
1413 9
1414 4
1415 4
1415 7
1416 13
1416 4
1417 15
1417 16
1418 2
1418 4
1419 2
1419 9
1419 4
1420 4
1421 13
1421 11
1421 4
1422 4
1422 2
1423 9
1424 2
1425 16
1425 4
1426 8
1426 2
1426 16
1426 14
1427 2
1428 0
1428 4
1428 6
1428 7
1429 4
1429 9
1430 2
1430 4
1431 9
1431 20
1431 4
1431 15
1432 0
1433 2
1433 4
1434 7
1434 4
1435 8
1435 6
1436 2
1436 9
1436 4
1437 4
1437 9
1438 4
1439 13
1439 15
1439 11
1440 0
1441 4
1442 7
1442 4
1443 1
1443 8
1443 6
1444 2
1445 4
1446 4
1447 2
1448 9
1448 4
1449 2
1449 0
1450 4
1451 10
1451 11
1452 8
1452 6
1452 4
1453 4
1453 16
1454 8
1454 3
1454 6
1454 1
1455 0
1455 6
1455 8
1455 10
1456 4
1457 4
1457 9
1457 7
1458 13
1458 4
1458 11
1459 4
1460 4
1460 11
1461 4
1461 2
1462 4
1463 1
1463 9
1464 1
1464 10
1465 13
1465 4
1465 15
1465 11
1465 0
1466 0
1466 4
1467 9
1467 2
1468 17
1468 0
1468 11
1469 4
1469 2
1469 9
1470 4
1471 2
1472 4
1472 2
1473 4
1473 6
1474 1
1474 6
1474 2
1474 3
1475 0
1475 11
1476 4
1476 9
1476 11
1477 4
1478 2
1478 9
1479 13
1479 4
1479 0
1479 6
1479 11
1480 4
1481 4
1482 4
1482 3
1483 0
1484 0
1484 11
1485 1
1485 3
1485 6
1486 0
1487 1
1487 8
1487 4
1488 4
1489 9
1489 4
1490 9
1490 4
1490 2
1491 6
1491 0
1491 4
1492 0
1492 6
1492 10
1493 1
1493 0
1494 9
1494 13
1494 4
1494 11
1495 4
1495 9
1496 1
1496 0
1496 6
1496 2
1496 3
1496 8
1497 9
1498 15
1498 11
1499 8
1499 15
1500 4
1501 4
1502 1
1502 3
1502 8
1503 2
1504 9
1505 13
1505 0
1506 1
1507 0
1507 4
1507 7
1508 4
1509 4
1509 9
1510 4
1511 10
1511 15
1511 11
1512 2
1512 4
1513 4
1514 13
1514 4
1515 0
1515 4
1516 6
1516 13
1516 4
1517 0
1517 6
1517 4
1517 11
1518 0
1519 1
1519 2
1519 3
1519 8
1519 10
1520 4
1521 6
1521 4
1522 2
1522 13
1523 1
1524 5
1525 7
1525 0
1526 2
1526 4
1526 3
1527 13
1527 0
1528 4
1528 13
1528 9
1529 4
1529 11
1530 0
1530 4
1531 16
1531 4
1531 11
1531 15
1532 4
1532 9
1533 4
1534 2
1534 13
1534 21
1535 2
1535 4
1536 1
1536 0
1536 2
1537 4
1538 13
1538 4
1538 11
1539 2
1540 2
1540 13
1540 0
1541 0
1541 13
1541 6
1541 11
1541 4
1542 4
1542 9
1543 13
1543 2
1543 0
1543 4
1544 2
1544 14
1544 9
1545 4
1545 7
1546 10
1546 0
1547 2
1547 4
1547 14
1548 1
1548 6
1549 4
1550 0
1550 13
1550 4
1550 11
1551 4
1552 4
1553 3
1553 4
1554 9
1554 4
1555 0
1555 11
1556 5
1556 2
1556 4
1557 8
1557 6
1558 4
1559 2
1559 4
1559 9
1560 1
1560 6
1560 2
1560 3
1561 4
1562 13
1562 4
1562 11
1563 4
1563 9
1564 4
1565 0
1565 13
1565 17
1566 9
1567 6
1567 4
1567 10
1568 1
1569 1
1569 3
1569 6
1569 2
1570 4
1570 11
1571 9
1571 2
1572 2
1572 9
1573 6
1573 0
1574 4
1575 4
1575 14
1576 4
1577 2
1577 3
1577 8
1578 2
1578 4
1579 8
1579 2
1580 4
1581 4
1582 1
1582 6
1582 2
1582 3
1583 13
1583 4
1584 6
1584 4
1585 15
1585 11
1585 0
1586 0
1587 4
1588 4
1588 15
1588 11
1589 4
1590 4
1591 0
1591 2
1592 0
1592 4
1592 11
1593 9
1593 4
1594 1
1595 4
1596 4
1596 8
1596 9
1597 4
1597 2
1598 13
1598 11
1599 0
1599 4
1599 7
1600 4
1601 9
1601 4
1602 4
1603 4
1604 9
1604 4
1605 4
1605 16
1606 16
1606 11
1606 4
1606 0
1607 4
1607 14
1607 9
1608 2
1608 13
1609 1
1609 6
1609 2
1609 3
1609 8
1610 4
1611 15
1611 3
1611 20
1612 4
1613 9
1613 2
1614 4
1615 1
1616 1
1616 3
1616 6
1616 2
1617 16
1617 15
1617 10
1618 9
1618 2
1619 1
1619 3
1619 6
1620 0
1620 4
1620 7
1620 8
1621 4
1621 11
1622 4
1623 4
1624 4
1625 13
1625 4
1625 15
1625 11
1626 9
1626 2
1627 4
1628 2
1628 4
1629 4
1629 14
1630 15
1630 6
1631 7
1631 11
1631 4
1631 0
1632 0
1632 11
1633 4
1634 1
1634 2
1634 3
1635 2
1635 13
1635 11
1636 0
1636 4
1636 11
1637 4
1638 2
1638 4
1639 8
1639 9
1640 2
1640 4
1640 9
1641 0
1641 8
1642 7
1642 4
1643 9
1644 9
1644 2
1644 11
1644 13
1645 9
1645 2
1645 4
1646 4
1646 6
1647 9
1647 2
1647 4
1648 1
1648 6
1648 2
1648 8
1649 13
1649 11
1650 4
1651 16
1651 15
1651 11
1651 4
1652 1
1652 4
1653 0
1653 6
1653 11
1654 9
1655 7
1655 4
1656 4
1657 11
1658 4
1659 9
1659 4
1660 0
1660 6
1660 2
1660 10
1661 9
1661 4
1662 1
1663 0
1663 2
1664 1
1664 0
1664 2
1664 6
1664 3
1665 2
1666 0
1666 4
1667 1
1668 1
1669 4
1670 1
1670 0
1671 0
1671 10
1671 11
1672 4
1672 9
1672 2
1673 11
1673 15
1674 1
1675 1
1675 6
1675 2
1676 0
1677 4
1678 4
1678 9
1679 4
1680 0
1680 6
1680 2
1681 4
1682 4
1683 2
1683 4
1684 0
1684 10
1685 4
1686 9
1686 4
1686 2
1687 11
1688 0
1688 6
1688 10
1689 4
1689 9
1690 1
1690 4
1691 1
1691 10
1692 16
1692 11
1693 0
1693 6
1693 10
1694 5
1695 9
1696 4
1697 1
1697 2
1697 8
1697 3
1697 9
1698 18
1698 4
1699 1
1699 6
1699 8
1699 10
1700 13
1700 11
1701 5
1702 4
1703 2
1703 4
1704 4
1704 2
1705 4
1705 2
1706 9
1707 13
1707 19
1707 0
1707 2
1708 1
1708 0
1708 6
1708 2
1708 3
1708 8
1708 10
1709 4
1710 4
1710 0
1710 11
1711 4
1712 13
1712 4
1712 15
1712 11
1713 2
1713 9
1713 4
1714 4
1715 9
1715 2
1716 4
1717 2
1717 4
1717 9
1718 0
1718 4
1719 6
1719 11
1720 1
1720 2
1721 0
1721 6
1721 2
1721 8
1721 10
1722 4
1722 15
1722 9
1722 11
1723 4
1723 11
1723 20
1724 4
1725 4
1725 8
1725 9
1725 11
1725 7
1726 4
1727 13
1727 4
1728 4
1728 9
1729 4
1729 3
1730 0
1730 13
1730 6
1731 4
1732 2
1732 4
1733 2
1733 9
1733 8
1734 16
1734 11
1734 15
1735 9
1735 2
1736 4
1737 1
1737 6
1737 2
1737 3
1738 4
1739 0
1739 4
1740 4
1741 0
1741 6
1741 8
1742 4
1743 9
1743 2
1743 4
1744 1
1745 8
1746 5
1747 1
1747 10
1747 3
1747 6
1748 2
1748 4
1749 4
1749 11
1750 4
1751 4
1751 9
1752 2
1752 4
1753 15
1753 4
1754 7
1754 4
1755 0
1755 15
1755 11
1756 15
1756 9
1756 11
1757 1
1757 2
1758 10
1758 8
1758 2
1759 0
1759 6
1759 8
1759 10
1760 1
1760 9
1761 4
1762 4
1762 9
1763 13
1763 11
1764 4
1765 10
1765 4
1765 15
1765 11
1766 1
1767 8
1767 0
1768 14
1768 2
1769 1
1769 2
1769 3
1770 7
1770 0
1771 4
1772 9
1772 4
1773 2
1773 4
1774 0
1774 2
1775 13
1775 4
1776 4
1777 19
1777 4
1778 2
1778 13
1778 0
1779 1
1780 1
1780 6
1780 2
1780 3
1781 2
1782 4
1783 1
1783 6
1783 2
1783 3
1783 8
1783 9
1784 4
1784 3
1785 0
1786 4
1787 0
1787 4
1787 2
1788 0
1788 13
1788 4
1788 11
1789 11
1790 13
1790 0
1791 4
1792 4
1793 0
1793 4
1793 11
1793 7
1794 15
1794 16
1794 11
1794 4
1795 13
1795 4
1795 9
1795 11
1796 4
1797 11
1797 4
1798 4
1799 0
1799 13
1799 4
1799 11
1800 9
1800 2
1801 1
1801 6
1801 2
1801 3
1801 8
1802 0
1803 9
1803 4
1803 8
1804 1
1804 0
1804 2
1805 16
1805 11
1806 4
1806 11
1807 4
1808 4
1809 9
1809 2
1809 4
1810 4
1811 0
1811 6
1811 2
1811 8
1812 8
1812 4
1812 9
1813 4
1813 0
1813 7
1814 11
1814 8
1814 16
1814 4
1815 6
1815 13
1815 4
1815 11
1816 0
1816 6
1817 0
1817 2
1818 0
1818 13
1818 4
1818 11
1819 15
1819 11
1820 6
1820 4
1820 3
1821 15
1821 13
1821 11
1821 6
1822 13
1822 4
1823 1
1824 0
1824 15
1824 10
1824 11
1825 2
1825 4
1825 15
1825 9
1826 4
1826 9
1827 6
1827 0
1828 0
1828 11
1829 1
1829 15
1829 10
1830 2
1830 4
1831 4
1831 0
1831 7
1832 1
1833 16
1833 0
1833 11
1833 8
1834 4
1834 10
1835 13
1835 0
1836 4
1836 2
1836 3
1837 0
1837 13
1837 11
1838 7
1839 10
1839 11
1839 0
1840 4
1840 13
1840 9
1841 4
1841 9
1842 13
1843 2
1843 3
1843 8
1844 7
1844 4
1844 11
1845 0
1846 0
1846 8
1846 10
1847 0
1848 9
1848 2
1849 1
1849 3
1850 4
1850 9
1851 1
1851 4
1851 0
1851 8
1852 1
1852 6
1853 4
1853 10
1853 11
1854 4
1855 6
1855 3
1855 8
1856 4
1857 4
1858 9
1858 4
1859 6
1859 4
1860 1
1860 6
1861 9
1861 2
1862 4
1863 1
1863 8
1863 3
1863 4
1864 4
1865 6
1865 3
1865 8
1866 4
1866 9
1867 8
1867 4
1868 4
1868 9
1869 0
1869 10
1870 2
1871 4
1871 11
1871 7
1872 9
1872 4
1873 9
1873 4
1874 2
1875 0
1875 6
1875 2
1875 8
1875 16
1876 9
1876 2
1877 1
1877 8
1878 1
1879 9
1879 8
1879 0
1879 4
1879 11
1880 8
1880 2
1881 4
1881 8
1882 1
1882 0
1882 6
1882 2
1882 3
1882 8
1882 10
1883 9
1883 2
1884 4
1884 9
1885 1
1886 13
1886 11
1886 4
1886 16
1887 4
1887 11
1888 10
1888 11
1889 1
1889 6
1889 2
1889 3
1890 4
1890 9
1891 9
1892 7
1892 4
1893 11
1893 0
1893 4
1894 1
1894 3
1894 8
1895 4
1895 9
1896 4
1897 2
1898 7
1898 4
1899 4
1899 9
1900 10
1900 0
1901 6
1901 3
1901 1
1902 2
1903 4
1903 11
1903 10
1903 0
1903 6
1904 4
1905 4
1906 6
1906 2
1906 3
1906 8
1906 9
1907 4
1907 9
1907 11
1907 15
1908 16
1909 16
1910 2
1910 4
1910 9
1911 9
1911 2
1912 2
1912 4
1912 8
1913 2
1913 4
1914 4
1915 11
1915 4
1915 13
1916 0
1916 11
1917 15
1917 0
1918 16
1918 10
1918 11
1919 4
1919 2
1920 4
1920 2
1921 8
1921 6
1921 4
1922 13
1922 4
1922 15
1922 11
1923 4
1924 4
1925 10
1925 0
1925 6
1925 8
1926 0
1926 2
1926 6
1927 8
1927 11
1927 0
1927 1
1928 2
1929 2
1929 4
1930 4
1930 9
1931 8
1931 6
1931 0
1931 2
1932 10
1932 0
1932 8
1932 11
1933 0
1933 4
1933 6
1934 0
1934 4
1935 2
1935 4
1936 11
1937 4
1938 0
1938 6
1938 8
1938 15
1939 2
1939 4
1940 1
1940 6
1940 4
1940 8
1940 10
1941 20
1941 2
1942 9
1943 4
1943 9
1944 1
1944 0
1945 11
1945 4
1946 15
1946 11
1947 2
1947 4
1947 11
1948 4
1948 11
1949 11
1949 0
1950 8
1950 9
1950 11
1951 0
1951 4
1951 11
1952 4
1952 14
1953 9
1953 4
1954 4
1955 13
1955 11
1955 4
1956 1
1956 6
1956 2
1956 3
1957 1
1957 10
1958 0
1959 0
1959 6
1959 10
1959 11
1960 2
1961 15
1961 16
1961 11
1962 2
1962 4
1963 4
1964 8
1964 11
1964 0
1964 16
1965 9
1965 2
1966 0
1966 9
1966 2
1967 9
1968 13
1968 11
1968 4
1968 15
1969 4
1970 1
1970 2
1970 16
1970 10
1971 10
1971 0
1972 0
1973 4
1973 9
1974 13
1974 0
1974 11
1974 4
1975 4
1976 4
1976 2
1977 15
1977 11
1978 10
1978 11
1978 0
1978 6
1979 0
1979 6
1980 0
1980 6
1980 4
1981 4
1982 6
1982 3
1982 8
1983 13
1983 4
1983 11
1984 4
1984 10
1985 4
1986 0
1986 6
1986 13
1986 4
1986 15
1986 11
1987 1
1987 3
1987 2
1987 8
1988 4
1988 9
1989 0
1989 2
1989 10
1990 8
1990 6
1991 4
1992 0
1992 6
1992 8
1992 10
1993 4
1994 4
1994 9
1995 11
1995 4
1995 7
1996 0
1996 6
1996 2
1997 13
1997 15
1997 4
1997 11
1998 0
1998 6
1998 4
1998 9
1998 7
1999 11
1999 2
