director movie
0 0
1 1
2 2
3 3
4 4
5 5
6 6
7 7
8 8
9 9
10 10
11 11
12 12
13 13
14 14
15 15
16 16
17 17
18 18
19 19
20 20
21 22
22 23
23 24
24 25
25 26
24 27
26 28
16 29
27 30
28 31
29 32
30 33
31 34
32 35
33 36
34 37
35 38
36 39
24 40
20 41
37 42
38 43
39 44
40 45
41 46
42 47
43 48
44 49
45 50
46 51
47 52
48 53
49 54
50 55
21 56
51 57
52 58
53 59
54 60
55 61
56 62
57 63
42 64
58 65
59 66
40 67
60 68
21 69
33 70
16 71
61 72
48 73
62 74
63 75
64 76
21 77
65 78
66 79
67 80
68 81
69 82
70 83
71 84
72 85
73 87
74 88
75 89
76 90
77 91
33 92
78 94
79 95
80 96
81 97
82 98
83 99
84 100
48 101
85 102
34 103
86 104
87 105
88 106
89 107
90 108
91 109
20 110
92 111
93 112
94 113
20 114
95 115
96 116
97 117
84 118
80 119
98 120
99 121
33 122
100 123
100 124
21 125
19 126
40 127
101 128
80 129
102 130
103 131
104 132
105 133
106 134
107 135
108 136
106 137
109 138
110 139
111 140
112 141
113 142
114 143
115 144
116 145
117 146
118 147
119 148
120 149
121 150
122 151
123 152
124 153
71 154
125 155
126 156
127 157
128 158
129 159
130 160
107 161
131 162
132 163
133 164
33 165
134 166
135 167
136 168
0 169
137 170
138 171
139 172
140 173
141 174
16 175
142 176
82 177
143 178
144 179
145 180
146 181
147 182
100 183
134 184
87 185
148 186
149 187
150 188
92 189
151 190
152 191
153 192
154 193
152 194
73 195
78 196
155 197
156 198
118 199
157 200
158 201
159 202
84 203
160 204
161 205
162 206
163 207
164 208
114 209
165 210
166 211
167 212
66 213
168 214
169 215
170 216
116 217
171 218
172 219
173 220
174 221
138 222
175 223
20 224
176 225
177 226
178 227
179 228
180 229
136 230
181 231
182 232
183 233
184 234
185 235
186 236
20 237
187 238
188 239
88 240
189 241
190 242
84 243
191 244
192 245
193 246
194 247
195 248
196 249
24 250
24 251
197 252
22 253
198 254
199 255
15 256
200 257
201 258
202 259
20 260
203 261
204 262
205 263
206 264
207 265
208 266
209 267
210 268
211 269
212 270
51 271
213 272
214 273
98 274
48 275
215 276
216 277
217 278
218 279
219 280
220 281
221 282
222 283
223 284
224 285
206 286
225 287
226 288
227 289
228 290
194 291
60 292
69 293
229 294
230 295
231 296
184 297
232 298
233 299
234 300
104 301
235 302
110 303
236 304
237 305
70 306
238 307
239 308
152 310
240 311
153 312
152 313
160 314
241 315
242 316
243 317
244 318
245 319
246 320
247 321
248 322
239 323
249 324
206 325
10 326
250 327
245 328
251 329
252 330
253 331
177 332
254 333
255 334
256 335
172 336
257 337
5 338
258 339
259 340
260 341
261 342
153 343
262 344
48 345
263 346
264 347
265 348
266 349
267 350
268 351
20 352
269 353
36 354
270 355
271 356
272 357
273 358
274 359
275 360
276 361
236 362
277 363
99 364
278 365
279 366
280 367
281 368
282 369
283 370
284 371
285 372
224 373
286 374
287 375
288 376
289 377
290 378
223 379
26 380
234 381
24 382
291 383
26 384
292 385
293 386
294 387
295 388
104 389
66 390
296 391
297 392
298 393
299 394
149 395
300 396
301 397
302 398
303 399
304 400
305 401
33 402
306 403
307 404
153 405
308 406
309 407
310 408
311 409
312 410
313 411
314 412
287 413
315 414
304 415
316 416
317 417
318 418
319 419
320 420
321 421
322 422
104 423
323 424
215 425
324 426
325 427
326 428
327 429
328 430
121 431
329 432
330 433
331 434
332 435
184 436
333 437
334 438
80 439
153 440
335 441
16 442
336 443
49 444
13 445
59 446
337 447
338 448
339 449
118 450
340 451
341 452
342 453
343 454
344 455
345 456
13 457
346 458
347 459
348 460
60 461
349 462
135 463
350 464
5 465
351 466
352 467
147 468
353 469
239 470
354 471
157 472
355 473
356 474
98 475
357 476
358 477
62 478
359 479
360 480
20 481
361 482
362 483
363 484
326 485
364 486
365 487
6 488
140 489
366 490
260 491
367 492
368 493
369 494
48 495
370 496
123 497
371 498
372 499
373 500
374 501
375 502
376 503
377 504
378 505
379 506
380 507
381 508
56 509
382 510
383 511
384 512
153 513
385 514
386 515
143 516
128 517
387 518
244 519
388 520
389 521
390 522
391 523
392 524
393 525
383 526
394 528
78 529
395 530
142 531
396 532
397 533
20 534
333 535
66 536
398 537
399 538
400 539
152 540
401 541
106 542
402 543
403 544
404 545
405 546
147 547
406 548
104 549
407 550
408 551
141 552
409 553
410 554
411 555
412 556
413 557
296 558
10 559
414 560
341 561
415 562
416 563
417 564
418 565
419 566
237 567
420 568
421 569
173 570
422 571
423 572
26 573
424 574
425 575
124 576
33 577
426 578
427 579
428 580
429 581
430 582
300 583
431 584
137 585
432 586
256 587
433 588
144 589
434 590
435 591
436 592
355 593
437 594
438 595
439 596
379 597
440 598
441 599
442 600
443 601
308 602
444 603
106 604
198 605
445 606
446 607
447 608
109 609
383 610
347 611
448 612
449 613
87 614
450 615
35 616
451 617
452 618
453 619
20 620
454 621
455 622
44 623
456 624
457 625
458 626
459 627
214 628
460 629
87 630
461 631
462 632
463 633
118 634
71 635
464 636
184 637
465 638
466 639
467 640
184 641
40 642
468 643
86 644
469 645
369 646
41 647
470 648
143 649
471 650
472 651
66 652
473 653
474 654
475 655
476 656
477 657
478 658
118 659
479 660
480 661
481 662
482 663
303 664
483 665
484 666
228 667
485 668
486 669
487 670
144 671
213 672
488 673
489 674
490 675
237 676
57 677
491 678
492 679
493 680
494 681
495 682
496 683
497 684
153 685
498 686
297 687
499 688
423 689
500 690
20 691
501 692
502 693
503 694
504 695
505 696
279 697
506 698
507 699
508 700
5 701
509 702
510 703
511 704
512 705
513 706
514 707
515 708
106 709
516 710
517 711
518 712
519 713
520 714
521 715
522 716
523 717
147 718
524 719
10 720
198 721
525 722
341 723
526 724
527 725
528 726
529 727
530 728
531 729
233 730
333 731
532 732
533 733
499 734
534 735
535 736
344 737
82 738
536 739
20 740
537 741
538 742
539 743
329 744
540 745
541 746
542 747
543 748
544 749
545 750
437 751
546 752
180 753
547 754
548 755
24 756
549 757
197 758
550 759
340 760
551 761
552 762
553 763
554 764
555 765
556 766
557 767
558 768
232 769
559 770
21 771
560 772
353 773
561 774
562 775
563 776
564 777
506 778
565 779
197 780
442 781
185 782
566 783
567 784
177 785
568 786
569 787
570 788
25 789
514 790
571 791
220 792
572 793
573 794
243 795
258 796
75 797
16 798
574 799
16 800
220 801
575 802
173 803
576 804
81 805
577 806
349 807
388 808
578 809
579 810
213 811
231 812
580 813
581 814
582 815
104 816
377 817
583 818
584 819
177 820
243 821
26 822
585 823
586 824
587 825
588 826
589 827
590 828
62 829
591 830
592 831
593 832
283 833
594 834
595 835
596 836
597 837
255 838
274 839
598 840
599 841
388 842
600 843
601 844
227 845
160 846
602 847
603 848
500 849
604 850
284 851
13 852
178 853
153 854
605 856
606 857
607 858
372 859
72 860
144 861
237 862
608 863
144 864
333 865
609 866
610 867
611 868
612 869
613 870
614 871
615 872
616 873
32 874
485 875
617 876
618 877
591 878
619 879
620 880
621 881
609 882
622 883
573 884
592 885
623 886
596 887
624 888
625 889
626 890
627 891
62 892
463 893
449 894
628 895
497 896
99 897
629 898
66 899
378 900
630 901
43 902
232 903
631 904
378 905
632 906
633 907
634 908
228 909
24 910
233 911
635 912
636 913
637 914
496 915
638 916
206 917
619 918
326 919
639 920
640 921
251 922
641 923
642 924
643 925
644 926
645 927
308 928
646 929
640 930
436 931
647 932
147 933
648 934
649 935
650 936
651 937
490 938
652 939
267 940
147 941
653 942
654 943
655 944
656 945
460 946
500 947
657 948
214 949
658 950
659 951
660 952
661 953
662 954
663 955
664 956
665 957
666 958
471 959
667 960
213 961
668 962
669 963
500 964
347 965
20 966
670 967
671 968
672 969
514 970
673 971
443 972
674 973
675 974
612 975
676 976
677 977
678 978
552 979
679 980
247 981
680 982
681 983
654 984
682 985
683 986
684 987
173 988
685 989
686 990
404 991
687 992
524 993
688 994
256 995
689 996
690 997
452 998
691 999
692 1000
693 1001
403 1002
694 1003
695 1004
576 1005
524 1006
696 1007
484 1008
697 1009
698 1010
699 1011
700 1012
151 1013
599 1014
701 1015
702 1016
703 1017
69 1018
172 1019
586 1020
704 1021
285 1022
705 1023
700 1024
84 1025
500 1026
213 1027
139 1028
706 1029
456 1030
707 1031
708 1032
709 1033
310 1034
710 1035
306 1036
711 1037
712 1038
713 1039
220 1040
714 1041
715 1042
716 1043
717 1044
718 1045
719 1046
720 1047
362 1048
721 1049
177 1050
722 1051
26 1052
220 1053
47 1054
665 1055
723 1056
554 1057
724 1058
725 1059
726 1060
727 1061
728 1062
37 1063
729 1064
730 1065
474 1066
78 1067
731 1068
500 1069
732 1070
631 1071
456 1072
76 1073
362 1074
733 1075
734 1076
735 1077
139 1078
736 1079
737 1080
738 1081
343 1082
739 1083
740 1084
741 1085
742 1086
743 1087
744 1088
745 1089
746 1090
747 1091
748 1092
749 1093
183 1094
153 1095
750 1096
751 1097
752 1098
753 1099
392 1100
754 1101
439 1102
201 1103
309 1104
423 1105
755 1106
485 1107
310 1108
756 1109
757 1110
758 1111
759 1112
760 1113
428 1114
122 1115
280 1116
631 1117
761 1118
762 1119
738 1120
232 1121
546 1122
347 1123
554 1124
763 1125
414 1126
540 1127
123 1128
388 1129
177 1130
764 1131
765 1132
766 1133
767 1134
273 1135
486 1136
370 1137
297 1138
502 1139
373 1140
768 1141
769 1142
770 1143
771 1144
772 1145
773 1146
774 1147
775 1148
776 1149
777 1150
239 1151
778 1152
471 1153
779 1154
780 1155
107 1156
781 1157
782 1158
783 1159
41 1160
784 1161
575 1162
652 1163
299 1164
262 1165
33 1166
785 1167
786 1168
787 1169
25 1170
788 1171
789 1172
790 1173
791 1174
490 1175
448 1176
792 1177
793 1178
794 1179
795 1180
796 1181
98 1182
797 1183
798 1184
748 1185
619 1186
540 1187
799 1188
800 1189
405 1190
801 1191
802 1192
138 1193
720 1194
803 1195
804 1196
445 1197
740 1198
570 1199
805 1200
317 1201
806 1202
749 1203
730 1204
224 1205
575 1206
173 1207
807 1208
182 1209
269 1210
808 1211
43 1212
32 1213
30 1214
809 1215
810 1216
811 1217
812 1218
813 1219
814 1220
815 1221
71 1222
131 1223
638 1224
816 1225
817 1226
818 1227
138 1228
443 1229
819 1230
43 1231
820 1232
546 1233
821 1234
428 1235
301 1236
822 1237
396 1238
220 1239
599 1240
24 1241
78 1242
634 1243
747 1244
823 1245
824 1246
569 1247
825 1248
26 1249
297 1250
826 1251
827 1252
828 1253
373 1254
829 1255
236 1256
62 1257
830 1258
831 1259
832 1260
833 1261
624 1262
807 1263
834 1264
347 1265
463 1266
835 1267
836 1268
837 1269
838 1270
839 1271
840 1272
841 1273
842 1274
843 1275
220 1276
844 1277
599 1278
845 1279
846 1280
847 1281
183 1282
848 1283
849 1284
850 1285
851 1286
852 1287
853 1288
42 1289
854 1290
44 1291
575 1292
855 1293
856 1294
857 1295
640 1296
858 1297
859 1298
855 1299
387 1300
860 1301
66 1302
861 1303
690 1304
665 1305
862 1306
863 1307
864 1308
865 1309
866 1310
867 1311
868 1312
869 1313
870 1314
107 1315
871 1316
772 1317
604 1318
872 1319
873 1320
874 1321
72 1322
875 1323
876 1324
157 1325
284 1326
877 1327
693 1328
878 1329
879 1330
678 1331
165 1332
726 1333
880 1334
57 1335
371 1336
438 1337
881 1338
882 1339
883 1340
884 1341
259 1342
885 1343
703 1344
499 1345
886 1346
814 1347
501 1348
887 1349
888 1350
889 1351
681 1352
806 1353
890 1354
891 1355
609 1356
892 1357
893 1358
894 1359
26 1360
19 1361
678 1362
895 1363
896 1364
897 1365
898 1366
880 1367
812 1368
500 1369
899 1370
900 1371
901 1372
902 1373
716 1374
903 1375
904 1376
651 1377
858 1378
152 1379
905 1380
569 1381
906 1382
71 1383
907 1384
908 1385
715 1386
909 1387
20 1388
910 1389
227 1390
2 1391
911 1392
183 1393
880 1394
912 1395
913 1396
914 1397
247 1398
623 1399
915 1400
916 1401
917 1402
918 1403
22 1404
112 1405
919 1406
920 1407
373 1408
537 1409
575 1410
146 1411
624 1412
921 1413
922 1414
308 1415
923 1416
436 1417
896 1418
428 1419
225 1420
924 1421
918 1422
925 1423
926 1424
927 1425
928 1426
715 1427
42 1428
929 1429
930 1430
5 1431
218 1432
39 1433
116 1434
40 1435
931 1436
932 1437
30 1438
139 1439
218 1440
933 1441
934 1442
224 1443
935 1444
936 1445
660 1446
26 1447
937 1448
938 1449
939 1450
445 1451
40 1452
264 1453
43 1454
940 1455
941 1456
303 1457
26 1458
942 1459
943 1460
944 1461
945 1462
654 1463
946 1464
784 1465
378 1466
428 1467
681 1468
947 1469
438 1470
948 1471
949 1472
950 1473
951 1474
520 1475
952 1476
953 1477
682 1478
228 1479
660 1480
954 1481
955 1482
496 1483
956 1484
957 1485
958 1486
532 1487
822 1488
774 1489
55 1490
30 1491
959 1492
960 1493
777 1494
961 1495
962 1496
963 1497
705 1498
147 1499
964 1500
232 1501
785 1502
766 1503
449 1504
44 1505
169 1506
965 1507
966 1508
967 1509
251 1510
658 1511
282 1512
968 1513
312 1514
969 1515
970 1516
971 1517
612 1518
690 1519
57 1520
524 1521
919 1522
972 1523
973 1524
429 1525
974 1526
975 1527
232 1528
20 1529
653 1530
976 1531
377 1532
977 1533
978 1534
979 1535
980 1536
777 1537
981 1538
982 1539
983 1540
429 1541
403 1542
984 1543
985 1544
206 1545
986 1546
987 1547
347 1548
988 1549
989 1550
812 1551
329 1552
491 1553
990 1554
41 1555
991 1556
40 1557
992 1558
221 1559
993 1560
416 1561
198 1562
994 1563
995 1564
13 1565
996 1566
26 1567
997 1568
998 1569
705 1570
999 1571
271 1572
914 1573
223 1574
696 1575
1000 1576
824 1577
1001 1578
920 1579
1002 1580
512 1581
1003 1582
544 1583
1004 1584
1005 1585
1006 1586
797 1587
554 1588
1007 1589
686 1590
1008 1591
1009 1592
1010 1593
1011 1594
621 1595
1012 1596
1013 1597
1014 1598
681 1599
1015 1600
1016 1601
1017 1602
1013 1603
512 1604
198 1605
45 1606
21 1607
571 1608
738 1609
744 1610
571 1611
591 1612
979 1613
914 1614
274 1615
1018 1616
760 1617
1019 1618
1020 1619
118 1620
279 1621
308 1622
419 1623
495 1624
1021 1625
1022 1626
686 1627
612 1628
1023 1629
788 1630
227 1631
143 1632
1024 1633
1025 1634
43 1635
880 1636
1026 1637
1027 1638
987 1639
417 1640
1028 1641
20 1642
1029 1643
1030 1644
824 1645
24 1646
740 1647
1031 1648
123 1649
286 1650
862 1651
1032 1652
1033 1653
1034 1654
20 1655
879 1656
1035 1657
437 1658
1036 1659
655 1660
1037 1661
654 1662
13 1663
1038 1664
1039 1665
359 1666
1040 1667
646 1668
1041 1669
173 1670
772 1671
1042 1672
1043 1673
1044 1674
788 1675
1045 1676
419 1677
1021 1678
1046 1679
378 1680
448 1681
1047 1682
1048 1683
1049 1684
86 1685
1050 1686
900 1687
295 1688
1051 1689
633 1690
1052 1691
882 1692
655 1693
1053 1694
1054 1695
939 1696
147 1697
99 1698
1025 1699
1055 1700
1056 1701
1057 1702
805 1703
1058 1704
1059 1705
1060 1706
1061 1707
1062 1708
1063 1709
752 1710
1064 1711
745 1712
594 1713
137 1714
1065 1715
1066 1716
313 1717
423 1718
1067 1719
1068 1720
1069 1721
1070 1722
1071 1723
1072 1724
708 1725
1073 1726
128 1727
1074 1728
1075 1729
1076 1730
1077 1731
207 1732
1078 1733
371 1734
547 1735
1079 1736
1080 1737
939 1738
433 1739
1081 1740
1082 1741
1083 1742
1084 1743
903 1744
1085 1745
1086 1746
1087 1747
921 1748
1088 1749
1089 1750
356 1751
1090 1752
1091 1753
945 1754
1070 1755
1092 1756
1093 1757
1047 1758
639 1759
700 1760
1094 1761
312 1762
1095 1763
495 1764
403 1765
556 1766
716 1767
692 1768
1096 1769
1097 1770
1098 1771
1099 1772
748 1773
1100 1774
1101 1775
1102 1776
1103 1777
316 1778
1104 1779
514 1780
588 1781
284 1782
165 1783
1105 1784
681 1785
1106 1786
288 1787
1107 1788
490 1789
269 1790
152 1791
1108 1792
66 1793
1109 1794
1021 1795
153 1796
1110 1797
48 1798
1045 1799
1111 1800
1112 1801
181 1802
1113 1803
1114 1804
1115 1805
1116 1806
516 1807
1117 1808
1118 1809
438 1810
1119 1811
382 1812
573 1813
1120 1814
437 1815
1121 1816
1122 1817
1123 1818
336 1819
524 1820
1124 1821
681 1822
669 1823
1125 1824
1126 1825
839 1826
580 1827
1009 1828
700 1829
744 1830
382 1831
1127 1832
1128 1833
1129 1834
750 1835
1130 1836
1131 1837
749 1838
403 1839
177 1840
1064 1841
1132 1842
778 1843
277 1844
419 1845
1133 1846
426 1847
1134 1848
980 1849
459 1850
1135 1851
903 1852
745 1853
1136 1854
1137 1855
1138 1856
1139 1857
648 1858
1131 1859
1140 1860
1141 1861
1021 1862
24 1863
1142 1864
1143 1865
1144 1866
708 1867
628 1868
0 1869
1145 1870
1146 1871
1147 1872
1148 1873
264 1874
1149 1875
1150 1876
542 1877
1151 1878
342 1879
516 1880
519 1881
1062 1882
1152 1883
1142 1884
56 1885
1153 1886
1154 1887
1155 1888
1156 1889
1157 1890
1158 1891
262 1892
429 1893
1159 1894
1160 1895
494 1896
1161 1897
598 1898
1162 1899
32 1900
33 1901
1163 1902
456 1903
1164 1904
1165 1905
1166 1906
765 1907
872 1908
295 1909
1167 1910
1168 1911
1169 1912
982 1913
1170 1914
1171 1915
1172 1916
515 1917
1173 1918
1174 1919
896 1920
1175 1921
952 1922
107 1923
147 1924
25 1925
214 1926
1176 1927
1177 1928
1178 1929
73 1930
344 1931
1146 1932
1179 1933
340 1934
1180 1935
927 1936
1181 1937
83 1938
413 1939
1182 1940
823 1941
213 1942
1183 1943
1184 1944
152 1945
518 1946
1185 1947
947 1948
310 1949
1186 1950
1187 1951
367 1952
1188 1953
270 1954
744 1955
1189 1956
1190 1957
986 1958
496 1959
267 1960
1191 1961
715 1962
796 1963
147 1964
1192 1965
1193 1966
274 1967
839 1968
309 1969
147 1970
619 1971
62 1972
949 1973
1194 1974
1195 1975
30 1976
1196 1977
1193 1978
1197 1979
152 1980
854 1981
786 1982
1198 1983
1199 1984
1200 1985
44 1986
855 1987
1017 1988
778 1989
83 1990
857 1991
25 1992
1201 1993
1202 1994
25 1995
44 1996
30 1997
1203 1998
1204 1999
