movie	label
0	0
1	1
2	2
3	2
4	3
5	4
6	2
7	5
8	6
9	7
10	8
11	9
12	10
13	9
14	11
15	2
16	12
17	13
18	2
19	10
20	14
21	13
22	15
23	16
24	17
25	18
26	2
27	19
28	9
29	10
30	20
31	3
32	19
33	21
34	2
35	22
36	23
37	24
38	8
39	25
40	26
41	5
42	27
43	28
44	2
45	29
46	22
47	2
48	30
49	31
50	32
51	9
52	2
53	2
54	19
55	33
56	34
57	35
58	36
59	11
60	2
61	37
62	38
63	2
64	39
65	9
66	40
67	41
68	42
69	43
70	44
71	45
72	2
73	2
74	0
75	46
76	47
77	48
78	11
79	49
80	50
81	51
82	2
83	52
84	48
85	2
86	13
87	2
88	2
89	8
90	19
91	5
92	53
93	13
94	10
95	54
96	38
97	55
98	24
99	56
100	57
101	2
102	10
103	58
104	2
105	59
106	40
107	60
108	2
109	1
110	61
111	2
112	2
113	2
114	62
115	11
116	3
117	25
118	63
119	8
120	64
121	10
122	65
123	11
124	11
125	66
126	67
127	41
128	0
129	24
130	13
131	68
132	10
133	69
134	9
135	2
136	70
137	71
138	72
139	8
140	0
141	8
142	2
143	9
144	42
145	2
146	8
147	2
148	25
149	19
150	11
151	2
152	73
153	74
154	13
155	11
156	8
157	2
158	2
159	75
160	42
161	27
162	76
163	5
164	11
165	77
166	11
167	50
168	67
169	2
170	2
171	14
172	78
173	11
174	79
175	12
176	80
177	6
178	81
179	82
180	11
181	2
182	83
183	11
184	84
185	6
186	8
187	85
188	9
189	2
190	2
191	10
192	69
193	30
194	2
195	2
196	86
197	8
198	2
199	10
200	19
201	11
202	1
203	38
204	11
205	27
206	87
207	88
208	11
209	2
210	89
211	90
212	50
213	91
214	2
215	8
216	2
217	2
218	2
219	8
220	72
221	92
222	85
223	2
224	93
225	2
226	94
227	2
228	63
229	72
230	95
231	96
232	5
233	9
234	0
235	97
236	98
237	99
238	11
239	2
240	40
241	2
242	10
243	44
244	100
245	101
246	23
247	102
248	10
249	8
250	103
251	18
252	14
253	63
254	104
255	10
256	105
257	8
258	106
259	107
260	104
261	2
262	76
263	11
264	69
265	108
266	109
267	2
268	10
269	110
270	11
271	35
272	40
273	111
274	45
275	19
276	112
277	2
278	113
279	114
280	108
281	2
282	2
283	2
284	40
285	115
286	69
287	112
288	2
289	33
290	116
291	117
292	2
293	2
294	11
295	2
296	104
297	118
298	2
299	108
300	7
301	119
302	120
303	8
304	121
305	2
306	122
307	123
308	5
309	11
310	2
311	2
312	119
313	124
314	11
315	100
316	125
317	10
318	2
319	2
320	8
321	11
322	2
323	126
324	10
325	104
326	8
327	6
328	19
329	2
330	10
331	127
332	94
333	11
334	128
335	10
336	8
337	0
338	2
339	129
340	130
341	131
342	2
343	2
344	132
345	40
346	10
347	133
348	134
349	47
350	19
351	135
352	136
353	10
354	25
355	2
356	10
357	2
358	101
359	10
360	137
361	1
362	138
363	37
364	10
365	2
366	33
367	121
368	28
369	139
370	140
371	2
372	141
373	142
374	2
375	2
376	40
377	72
378	143
379	19
380	5
381	8
382	144
383	2
384	145
385	8
386	146
387	34
388	64
389	26
390	103
391	8
392	19
393	147
394	11
395	148
396	62
397	149
398	8
399	5
400	150
401	151
402	152
403	153
404	46
405	154
406	2
407	10
408	28
409	27
410	10
411	108
412	2
413	2
414	141
415	44
416	25
417	2
418	10
419	155
420	156
421	133
422	11
423	4
424	114
425	157
426	11
427	64
428	19
429	10
430	10
431	11
432	10
433	5
434	67
435	32
436	106
437	5
438	2
439	140
440	2
441	10
442	158
443	2
444	159
445	22
446	19
447	78
448	13
449	160
450	2
451	9
452	10
453	0
454	25
455	161
456	67
457	37
458	85
459	8
460	0
461	47
462	2
463	162
464	2
465	27
466	19
467	2
468	163
469	164
470	5
471	11
472	165
473	2
474	2
475	64
476	166
477	2
478	167
479	168
480	2
481	41
482	169
483	85
484	170
485	125
486	2
487	2
488	2
489	11
490	51
491	155
492	10
493	5
494	2
495	2
496	69
497	126
498	171
499	2
500	8
501	40
502	104
503	11
504	172
505	173
506	69
507	8
508	58
509	24
510	2
511	67
512	11
513	2
514	48
515	11
516	2
517	2
518	8
519	2
520	27
521	174
522	61
523	2
524	175
525	11
526	10
527	11
528	176
529	85
530	10
531	10
532	19
533	19
534	41
535	177
536	64
537	11
538	24
539	83
540	9
541	178
542	179
543	2
544	2
545	177
546	180
547	101
548	58
549	181
550	2
551	10
552	182
553	2
554	183
555	10
556	184
557	2
558	6
559	8
560	58
561	2
562	185
563	186
564	2
565	10
566	33
567	2
568	2
569	187
570	100
571	11
572	9
573	2
574	2
575	27
576	2
577	23
578	2
579	188
580	40
581	37
582	27
583	32
584	130
585	19
586	2
587	2
588	2
589	22
590	10
591	32
592	2
593	19
594	19
595	10
596	3
597	69
598	2
599	2
600	28
601	6
602	10
603	2
604	71
605	28
606	12
607	110
608	10
609	189
610	10
611	8
612	2
613	11
614	24
615	108
616	190
617	7
618	191
619	2
620	67
621	0
622	19
623	192
624	193
625	47
626	176
627	10
628	9
629	194
630	24
631	195
632	47
633	1
634	196
635	10
636	3
637	118
638	51
639	197
640	198
641	30
642	41
643	47
644	2
645	10
646	2
647	32
648	199
649	200
650	58
651	26
652	201
653	202
654	8
655	8
656	2
657	2
658	2
659	10
660	203
661	4
662	2
663	27
664	10
665	3
666	22
667	64
668	62
669	69
670	19
671	146
672	19
673	19
674	204
675	42
676	2
677	2
678	9
679	7
680	135
681	2
682	2
683	106
684	91
685	10
686	1
687	40
688	2
689	9
690	6
691	205
692	22
693	188
694	59
695	11
696	2
697	206
698	19
699	5
700	2
701	10
702	58
703	141
704	207
705	83
706	5
707	63
708	69
709	208
710	40
711	209
712	2
713	2
714	210
715	19
716	37
717	2
718	211
719	212
720	8
721	30
722	40
723	2
724	2
725	182
726	2
727	2
728	2
729	11
730	67
731	50
732	19
733	62
734	40
735	213
736	2
737	161
738	214
739	48
740	215
741	28
742	216
743	0
744	94
745	25
746	141
747	51
748	123
749	2
750	10
751	5
752	2
753	152
754	108
755	104
756	217
757	2
758	10
759	2
760	9
761	11
762	47
763	8
764	104
765	11
766	218
767	40
768	2
769	2
770	8
771	34
772	108
773	215
774	11
775	5
776	215
777	2
778	2
779	19
780	114
781	219
782	220
783	2
784	40
785	64
786	108
787	24
788	72
789	32
790	58
791	10
792	2
793	59
794	64
795	221
796	222
797	70
798	25
799	22
800	173
801	27
802	223
803	8
804	6
805	126
806	0
807	2
808	9
809	2
810	5
811	10
812	2
813	19
814	2
815	10
816	108
817	2
818	6
819	50
820	106
821	224
822	28
823	62
824	225
825	11
826	19
827	205
828	2
829	62
830	27
831	69
832	2
833	8
834	108
835	19
836	126
837	2
838	32
839	2
840	67
841	19
842	118
843	2
844	10
845	2
846	11
847	10
848	8
849	72
850	2
851	2
852	2
853	226
854	2
855	25
856	121
857	152
858	2
859	166
860	104
861	22
862	227
863	2
864	228
865	10
866	9
867	11
868	76
869	229
870	13
871	67
872	20
873	19
874	32
875	230
876	10
877	72
878	40
879	14
880	27
881	2
882	9
883	19
884	10
885	231
886	10
887	20
888	2
889	11
890	27
891	11
892	62
893	141
894	19
895	2
896	232
897	2
898	2
899	203
900	28
901	2
902	62
903	10
904	2
905	233
906	10
907	234
908	2
909	2
910	23
911	67
912	125
913	8
914	235
915	236
916	8
917	208
918	9
919	40
920	62
921	114
922	2
923	25
924	10
925	112
926	11
927	2
928	2
929	8
930	237
931	238
932	2
933	64
934	2
935	239
936	10
937	2
938	9
939	108
940	67
941	240
942	9
943	241
944	62
945	37
946	2
947	8
948	242
949	243
950	91
951	24
952	2
953	9
954	2
955	2
956	140
957	244
958	8
959	245
960	42
961	10
962	11
963	8
964	8
965	246
966	37
967	2
968	2
969	2
970	247
971	248
972	72
973	213
974	239
975	205
976	11
977	178
978	58
979	10
980	10
981	11
982	19
983	111
984	8
985	108
986	62
987	104
988	8
989	249
990	2
991	37
992	209
993	221
994	10
995	66
996	37
997	6
998	1
999	8
1000	10
1001	19
1002	34
1003	2
1004	250
1005	8
1006	40
1007	166
1008	200
1009	2
1010	108
1011	191
1012	251
1013	47
1014	40
1015	10
1016	47
1017	2
1018	2
1019	8
1020	63
1021	2
1022	141
1023	17
1024	252
1025	0
1026	23
1027	2
1028	253
1029	8
1030	27
1031	223
1032	254
1033	1
1034	0
1035	2
1036	255
1037	10
1038	2
1039	2
1040	27
1041	2
1042	19
1043	256
1044	2
1045	8
1046	11
1047	8
1048	168
1049	25
1050	9
1051	63
1052	164
1053	2
1054	108
1055	257
1056	108
1057	104
1058	187
1059	19
1060	8
1061	108
1062	11
1063	10
1064	67
1065	10
1066	191
1067	166
1068	11
1069	23
1070	10
1071	37
1072	78
1073	40
1074	85
1075	41
1076	53
1077	188
1078	25
1079	66
1080	2
1081	38
1082	215
1083	2
1084	40
1085	258
1086	2
1087	108
1088	37
1089	2
1090	10
1091	38
1092	19
1093	2
1094	9
1095	0
1096	162
1097	1
1098	9
1099	255
1100	58
1101	67
1102	37
1103	22
1104	2
1105	69
1106	2
1107	62
1108	45
1109	9
1110	10
1111	63
1112	10
1113	259
1114	108
1115	27
1116	121
1117	9
1118	260
1119	64
1120	261
1121	9
1122	2
1123	246
1124	37
1125	262
1126	63
1127	25
1128	217
1129	5
1130	259
1131	58
1132	19
1133	108
1134	231
1135	108
1136	106
1137	263
1138	40
1139	2
1140	58
1141	8
1142	6
1143	2
1144	19
1145	264
1146	113
1147	2
1148	192
1149	137
1150	188
1151	37
1152	265
1153	1
1154	266
1155	69
1156	67
1157	47
1158	10
1159	2
1160	12
1161	14
1162	10
1163	67
1164	11
1165	2
1166	267
1167	261
1168	94
1169	119
1170	203
1171	63
1172	69
1173	11
1174	10
1175	168
1176	2
1177	37
1178	19
1179	2
1180	83
1181	19
1182	141
1183	2
1184	36
1185	48
1186	176
1187	268
1188	42
1189	2
1190	152
1191	2
1192	2
1193	155
1194	8
1195	19
1196	40
1197	41
1198	2
1199	23
1200	19
1201	69
1202	2
1203	30
1204	108
1205	23
1206	10
1207	8
1208	2
1209	269
1210	10
1211	10
1212	28
1213	12
1214	270
1215	10
1216	2
1217	19
1218	40
1219	19
1220	19
1221	11
1222	2
1223	106
1224	8
1225	2
1226	19
1227	48
1228	2
1229	6
1230	10
1231	10
1232	10
1233	2
1234	40
1235	108
1236	11
1237	111
1238	2
1239	27
1240	62
1241	271
1242	231
1243	17
1244	38
1245	2
1246	108
1247	136
1248	225
1249	0
1250	40
1251	47
1252	2
1253	25
1254	245
1255	209
1256	272
1257	273
1258	19
1259	108
1260	8
1261	108
1262	10
1263	2
1264	83
1265	8
1266	46
1267	274
1268	10
1269	23
1270	216
1271	275
1272	2
1273	276
1274	10
1275	0
1276	2
1277	67
1278	22
1279	72
1280	2
1281	209
1282	0
1283	188
1284	277
1285	69
1286	0
1287	221
1288	188
1289	2
1290	2
1291	243
1292	47
1293	59
1294	10
1295	188
1296	10
1297	2
1298	106
1299	1
1300	6
1301	10
1302	76
1303	10
1304	24
1305	20
1306	0
1307	2
1308	40
1309	114
1310	2
1311	8
1312	9
1313	10
1314	278
1315	108
1316	188
1317	12
1318	67
1319	2
1320	14
1321	14
1322	37
1323	37
1324	67
1325	40
1326	2
1327	2
1328	10
1329	40
1330	183
1331	1
1332	191
1333	8
1334	64
1335	2
1336	166
1337	27
1338	279
1339	280
1340	77
1341	281
1342	183
1343	223
1344	2
1345	2
1346	2
1347	67
1348	62
1349	282
1350	283
1351	10
1352	114
1353	2
1354	23
1355	284
1356	2
1357	2
1358	2
1359	8
1360	9
1361	285
1362	77
1363	209
1364	37
1365	47
1366	2
1367	106
1368	2
1369	53
1370	132
1371	2
1372	104
1373	0
1374	209
1375	6
1376	286
1377	287
1378	2
1379	26
1380	2
1381	24
1382	37
1383	132
1384	288
1385	77
1386	289
1387	290
1388	62
1389	291
1390	292
1391	40
1392	67
1393	9
1394	9
1395	176
1396	66
1397	293
1398	294
1399	19
1400	2
1401	209
1402	11
1403	125
1404	63
1405	8
1406	108
1407	10
1408	8
1409	104
1410	295
1411	2
1412	20
1413	286
1414	2
1415	5
1416	69
1417	296
1418	19
1419	67
1420	2
1421	104
1422	19
1423	47
1424	40
1425	139
1426	297
1427	40
1428	269
1429	10
1430	19
1431	298
1432	0
1433	19
1434	5
1435	175
1436	67
1437	10
1438	2
1439	203
1440	0
1441	2
1442	5
1443	53
1444	40
1445	2
1446	2
1447	40
1448	10
1449	25
1450	2
1451	226
1452	223
1453	139
1454	23
1455	32
1456	2
1457	85
1458	104
1459	2
1460	37
1461	19
1462	2
1463	274
1464	65
1465	116
1466	9
1467	108
1468	299
1469	67
1470	2
1471	40
1472	19
1473	26
1474	63
1475	28
1476	290
1477	2
1478	108
1479	300
1480	2
1481	2
1482	27
1483	0
1484	28
1485	72
1486	0
1487	7
1488	2
1489	10
1490	67
1491	155
1492	62
1493	135
1494	301
1495	10
1496	214
1497	47
1498	146
1499	288
1500	2
1501	2
1502	77
1503	40
1504	47
1505	33
1506	8
1507	14
1508	2
1509	10
1510	2
1511	302
1512	19
1513	2
1514	69
1515	9
1516	102
1517	162
1518	0
1519	303
1520	2
1521	26
1522	192
1523	8
1524	11
1525	219
1526	48
1527	33
1528	231
1529	37
1530	9
1531	304
1532	10
1533	2
1534	305
1535	19
1536	306
1537	2
1538	104
1539	40
1540	169
1541	300
1542	10
1543	147
1544	88
1545	5
1546	22
1547	120
1548	6
1549	2
1550	106
1551	2
1552	2
1553	27
1554	10
1555	28
1556	307
1557	175
1558	2
1559	67
1560	63
1561	2
1562	104
1563	10
1564	2
1565	308
1566	47
1567	309
1568	8
1569	63
1570	37
1571	108
1572	108
1573	215
1574	2
1575	20
1576	2
1577	123
1578	19
1579	271
1580	2
1581	2
1582	63
1583	69
1584	26
1585	81
1586	0
1587	2
1588	166
1589	2
1590	2
1591	25
1592	94
1593	10
1594	8
1595	2
1596	42
1597	19
1598	168
1599	14
1600	2
1601	10
1602	2
1603	2
1604	10
1605	139
1606	96
1607	17
1608	192
1609	24
1610	2
1611	310
1612	2
1613	108
1614	2
1615	8
1616	63
1617	311
1618	108
1619	72
1620	312
1621	37
1622	2
1623	2
1624	2
1625	126
1626	108
1627	2
1628	19
1629	20
1630	313
1631	177
1632	28
1633	2
1634	1
1635	243
1636	94
1637	2
1638	19
1639	83
1640	67
1641	295
1642	5
1643	47
1644	314
1645	67
1646	26
1647	67
1648	315
1649	168
1650	2
1651	304
1652	51
1653	141
1654	47
1655	5
1656	2
1657	209
1658	2
1659	10
1660	262
1661	10
1662	8
1663	25
1664	38
1665	40
1666	9
1667	8
1668	8
1669	2
1670	135
1671	12
1672	67
1673	146
1674	8
1675	58
1676	0
1677	2
1678	10
1679	2
1680	283
1681	2
1682	2
1683	19
1684	22
1685	2
1686	67
1687	209
1688	62
1689	10
1690	51
1691	65
1692	205
1693	62
1694	11
1695	47
1696	2
1697	316
1698	92
1699	138
1700	168
1701	11
1702	2
1703	19
1704	19
1705	19
1706	47
1707	317
1708	318
1709	2
1710	94
1711	2
1712	126
1713	67
1714	2
1715	108
1716	2
1717	67
1718	9
1719	319
1720	140
1721	320
1722	255
1723	321
1724	2
1725	322
1726	2
1727	69
1728	10
1729	27
1730	236
1731	2
1732	19
1733	125
1734	153
1735	108
1736	2
1737	63
1738	2
1739	9
1740	2
1741	41
1742	2
1743	67
1744	8
1745	323
1746	11
1747	235
1748	19
1749	37
1750	2
1751	10
1752	19
1753	276
1754	5
1755	81
1756	324
1757	140
1758	325
1759	32
1760	274
1761	2
1762	10
1763	168
1764	2
1765	326
1766	8
1767	295
1768	133
1769	1
1770	219
1771	2
1772	10
1773	19
1774	25
1775	69
1776	2
1777	227
1778	169
1779	8
1780	63
1781	40
1782	2
1783	327
1784	27
1785	0
1786	2
1787	260
1788	106
1789	209
1790	33
1791	2
1792	2
1793	177
1794	304
1795	301
1796	2
1797	37
1798	2
1799	106
1800	108
1801	24
1802	0
1803	42
1804	306
1805	205
1806	37
1807	2
1808	2
1809	67
1810	2
1811	161
1812	42
1813	14
1814	328
1815	329
1816	215
1817	25
1818	106
1819	146
1820	50
1821	330
1822	69
1823	8
1824	331
1825	332
1826	10
1827	215
1828	28
1829	333
1830	19
1831	14
1832	8
1833	334
1834	66
1835	33
1836	48
1837	64
1838	90
1839	12
1840	231
1841	10
1842	335
1843	123
1844	336
1845	0
1846	163
1847	0
1848	108
1849	191
1850	10
1851	337
1852	6
1853	76
1854	2
1855	136
1856	2
1857	2
1858	10
1859	26
1860	6
1861	108
1862	2
1863	115
1864	2
1865	136
1866	10
1867	188
1868	10
1869	22
1870	40
1871	336
1872	10
1873	10
1874	40
1875	338
1876	108
1877	152
1878	8
1879	339
1880	271
1881	188
1882	318
1883	108
1884	10
1885	8
1886	340
1887	37
1888	226
1889	63
1890	10
1891	47
1892	5
1893	94
1894	77
1895	10
1896	2
1897	40
1898	5
1899	10
1900	22
1901	72
1902	40
1903	173
1904	2
1905	2
1906	341
1907	255
1908	216
1909	216
1910	67
1911	108
1912	101
1913	19
1914	2
1915	104
1916	28
1917	342
1918	343
1919	19
1920	19
1921	223
1922	126
1923	2
1924	2
1925	32
1926	283
1927	344
1928	40
1929	19
1930	10
1931	161
1932	345
1933	155
1934	9
1935	19
1936	209
1937	2
1938	346
1939	19
1940	347
1941	348
1942	47
1943	10
1944	135
1945	37
1946	146
1947	349
1948	37
1949	28
1950	350
1951	94
1952	20
1953	10
1954	2
1955	104
1956	63
1957	65
1958	0
1959	91
1960	40
1961	153
1962	19
1963	2
1964	334
1965	108
1966	351
1967	47
1968	126
1969	2
1970	352
1971	22
1972	0
1973	10
1974	106
1975	2
1976	19
1977	146
1978	91
1979	215
1980	155
1981	2
1982	136
1983	104
1984	66
1985	2
1986	353
1987	59
1988	10
1989	265
1990	175
1991	2
1992	32
1993	2
1994	10
1995	336
1996	283
1997	126
1998	354
1999	355
